Map from character to field name
A:	Argentina
B:	Australia
C:	Austria
D:	Belgium
E:	Brazil
F:	Cambodia
G:	Canada
H:	China
I:	Croatia
J:	Ecuador
K:	Egypt
L:	England
M:	Finland
N:	France
O:	Germany
P:	Ireland
Q:	Italy
R:	Japan
S:	Jordan
T:	Kenya
U:	Kuwait
V:	Lebanon
W:	Madagascar
X:	Mexico
Y:	Mongolia
Z:	Morocco
[:	Mozambique
\:	Netherlands
]:	Nicaragua
^:	Pakistan
_:	Peru
`:	Philippines
a:	Russia
b:	Senegal
c:	Slovakia
d:	Spain
e:	Taiwan
f:	Thailand
g:	USA
h:	United Kingdom
i:	VIetnam
j:	Vietnam
k:	Zambia
l:	?


Substitution rate (mu): 180.972774

Equilibrium frequencies (pi_i):
  A: 0.0198
  B: 0.0146
  C: 0.0249
  D: 0.0257
  E: 0.0225
  F: 0.0268
  G: 0.0241
  H: 0.016
  I: 0.0255
  J: 0.0251
  K: 0.0271
  L: 0.0269
  M: 0.0242
  N: 0.0153
  O: 0.0163
  P: 0.0253
  Q: 0.0236
  R: 0.0256
  S: 0.0225
  T: 0.0246
  U: 0.0261
  V: 0.0257
  W: 0.0255
  X: 0.0256
  Y: 0.0285
  Z: 0.0205
  [: 0.025
  \: 0.02
  ]: 0.0253
  ^: 0.0255
  _: 0.0243
  `: 0.0247
  a: 0.0244
  b: 0.025
  c: 0.026
  d: 0.0126
  e: 0.0259
  f: 0.0217
  g: 0.0127
  h: 0.02
  i: 0.0263
  j: 0.0267
  k: 0.0255

Symmetrized rates from j->i (W_ij):
	A	B	C	D	E	F	G	H	I	J	K	L	M	N	O	P	Q	R	S	T	U	V	W	X	Y	Z	[	\	]	^	_	`	a	b	c	d	e	f	g	h	i	j	k
  A	0	2.3038	0.9031	0.9019	1.7731	0.9003	0.9111	1.1484	0.9006	0.9024	0.9012	0.9001	0.9032	1.3999	3.1529	0.9024	0.9409	0.9025	0.9038	0.9054	0.9027	0.9006	0.9017	0.9009	0.9014	1.1885	1.0214	0.9501	0.9849	0.9008	0.9022	1.3056	0.9045	0.9116	1.1286	4.7385	0.9018	1.2193	3.3283	1.3352	0.9018	0.9033	0.9984
  B	2.3038	0	1.3888	0.9186	2.1859	0.9016	1.1851	4.0886	0.9268	0.9189	0.9103	0.9006	1.789	2.8728	5.7501	1.5741	1.5289	1.3332	1.0409	1.0017	0.9997	0.9018	0.9303	0.902	0.9083	1.2131	0.9554	1.4384	0.9155	1.2563	0.9056	0.9756	1.1217	0.9319	0.91	8.5124	0.9042	1.4017	8.3615	3.0254	1.3423	1.3546	1.323
  C	0.9031	1.3888	0	0.9038	0.9006	0.8997	1.0761	0.9156	0.9045	0.9051	0.9404	0.8994	1.3431	1.5945	0.9263	0.9005	0.9801	0.9002	0.9012	1.1964	0.9039	0.8999	0.8998	0.8999	0.9272	0.9019	0.9009	0.9034	0.9014	0.8999	0.9004	0.9274	0.902	0.9116	0.9008	1.6605	0.9	0.9063	1.6281	0.9048	0.8995	0.8998	0.9008
  D	0.9019	0.9186	0.9038	0	0.8998	0.8993	0.9011	0.9241	0.9068	0.9004	0.8998	0.8992	0.9001	1.2403	1.3532	0.8999	0.9029	0.8999	0.9004	0.997	1.0862	0.8998	0.8996	0.8995	0.9	0.9009	0.9003	0.9123	0.9007	0.8993	0.9	0.9011	0.9008	1.0856	0.9005	1.1598	0.8997	0.9061	0.928	0.9029	0.8992	0.8995	0.9
  E	1.7731	2.1859	0.9006	0.8998	0	0.8985	1.3951	1.4745	0.8989	0.8998	0.8992	0.8984	1.3519	0.9709	0.9176	0.8996	0.9068	0.8994	0.8998	0.9006	0.9005	0.8989	0.8989	0.8987	0.8993	0.9013	0.9119	0.9029	0.9007	0.8987	0.8994	1.3619	1.0563	0.909	0.8995	3.5848	0.9441	0.9049	1.1097	0.9196	0.8986	0.8987	0.9001
  F	0.9003	0.9016	0.8997	0.8993	0.8985	0	0.9	0.9014	0.8986	0.8991	0.8992	0.8986	0.899	1.078	0.9078	0.9001	1.1437	0.8991	0.8993	0.9021	0.8994	0.8991	0.8988	0.899	0.8993	0.8995	0.899	0.9011	0.8998	0.8986	0.8993	0.9004	0.8996	0.9101	0.9009	0.9046	0.8989	0.9018	0.9032	1.0554	0.8985	0.8988	0.8992
  G	0.9111	1.1851	1.0761	0.9011	1.3951	0.9	0	0.9053	0.9	0.9014	1.01	0.8998	0.9039	1.0287	1.2605	0.9006	1.1794	0.901	0.9013	0.9913	0.9016	0.9003	0.9097	0.9002	0.985	0.9038	0.9048	1.2773	0.9021	0.9	0.9009	0.9992	0.9044	0.9109	0.9006	3.0933	0.9005	0.9049	0.9798	0.9097	0.8998	0.9001	1.194
  H	1.1484	4.0886	0.9156	0.9241	1.4745	0.9014	0.9053	0	1.3779	0.907	0.9023	0.9012	0.9049	1.953	2.8019	0.9097	1.4261	0.9043	1.2105	1.0728	1.1763	0.9017	0.902	0.902	0.9026	0.912	0.9079	1.3859	0.9057	0.9175	1.3778	1.2458	1.3921	0.9108	0.9141	2.3515	2.205	2.1187	3.7214	1.1814	0.9082	0.9098	0.9049
  I	0.9006	0.9268	0.9045	0.9068	0.8989	0.8986	0.9	1.3779	0	0.9002	0.899	0.8985	0.8993	0.9013	0.9089	0.8989	0.9018	0.8991	0.8994	0.9041	0.9072	0.899	0.8988	0.8988	0.8992	0.8997	0.899	0.9012	0.9	0.8986	0.8992	0.9004	0.9001	0.9097	0.899	1.7251	0.8991	0.9076	0.9457	0.9016	0.8985	0.8988	0.8992
  J	0.9024	0.9189	0.9051	0.9004	0.8998	0.8991	0.9014	0.907	0.9002	0	0.8998	0.8989	0.9005	0.9039	0.9119	0.8994	1.1753	0.8996	0.9	0.9008	0.9006	0.8995	0.8993	0.8993	0.8998	0.9015	0.8997	0.9028	0.901	0.8991	0.8997	0.9016	0.9007	0.9101	0.8995	1.3168	0.8994	0.9034	1.69	0.9037	0.8989	0.8992	0.9001
  K	0.9012	0.9103	0.9404	0.8998	0.8992	0.8992	1.01	0.9023	0.899	0.8998	0	0.899	0.8996	0.9981	0.9107	0.8994	1.6876	0.8997	0.9	0.921	0.8999	0.8995	0.8993	0.8994	1.0321	0.9023	0.8997	0.9026	0.9005	0.8991	0.8997	1.3054	0.9	0.9106	0.8996	0.9058	0.8994	0.9026	0.9341	0.9041	0.899	0.8993	0.8998
  L	0.9001	0.9006	0.8994	0.8992	0.8984	0.8986	0.8998	0.9012	0.8985	0.8989	0.899	0	0.8988	0.9005	0.9083	0.8988	0.9012	0.8991	0.8992	0.8993	0.8994	0.8992	0.8987	0.899	0.8992	0.8993	0.8989	0.9008	0.8997	0.8985	0.8991	0.9	0.8994	0.9099	0.8989	0.9044	0.8988	0.9018	0.9026	1.3554	0.8985	0.8988	0.8992
  M	0.9032	1.789	1.3431	0.9001	1.3519	0.899	0.9039	0.9049	0.8993	0.9005	0.8996	0.8988	0	0.9042	0.9201	0.8999	1.3554	0.8999	0.9001	0.9009	0.9006	0.8997	0.8994	0.8994	0.8997	1.074	0.9001	0.9448	0.9018	0.8992	0.8998	0.9013	1.1121	0.9099	0.8994	2.4325	0.8996	0.904	1.1387	1.3607	0.899	0.8992	0.9005
  N	1.3999	2.8728	1.5945	1.2403	0.9709	1.078	1.0287	1.953	0.9013	0.9039	0.9981	0.9005	0.9042	0	3.2638	2.0052	2.6149	0.9024	0.9034	1.3661	0.9043	0.9011	0.9018	0.9012	0.9131	0.9238	0.9657	0.9796	0.9048	0.9109	1.5127	1.2904	1.0541	3.3193	3.5341	5.6067	0.9021	0.9764	2.7303	1.5269	0.9006	0.901	0.904
  O	3.1529	5.7501	0.9263	1.3532	0.9176	0.9078	1.2605	2.8019	0.9089	0.9119	0.9107	0.9083	0.9201	3.2638	0	0.9786	1.4214	1.3057	2.2486	1.5074	0.9637	0.9081	1.4023	1.3817	0.913	2.5815	1.774	5.5554	1.1352	0.9715	1.8684	1.4497	0.9166	0.9575	1.0642	6.7923	0.9819	1.3046	7.7152	2.4215	0.9096	0.9155	1.0255
  P	0.9024	1.5741	0.9005	0.8999	0.8996	0.9001	0.9006	0.9097	0.8989	0.8994	0.8994	0.8988	0.8999	2.0052	0.9786	0	0.9059	0.8996	0.8999	0.9031	0.9009	0.8994	0.8991	0.8993	0.8995	0.9006	0.8997	0.9021	0.9003	0.9011	0.8998	0.901	0.9005	0.9102	0.912	1.224	0.8992	0.9031	1.1407	1.0543	0.8989	0.8992	0.8999
  Q	0.9409	1.5289	0.9801	0.9029	0.9068	1.1437	1.1794	1.4261	0.9018	1.1753	1.6876	0.9012	1.3554	2.6149	1.4214	0.9059	0	0.9033	0.9038	0.9494	0.9035	0.9023	0.9027	0.9021	1.1557	1.0301	0.9386	2.0727	0.9756	0.9017	0.9822	2.11	0.905	0.9142	0.9073	2.3911	0.9024	0.9313	2.1261	1.8226	0.9014	0.9018	0.9047
  R	0.9025	1.3332	0.9002	0.8999	0.8994	0.8991	0.901	0.9043	0.8991	0.8996	0.8997	0.8991	0.8999	0.9024	1.3057	0.8996	0.9033	0	0.8999	0.9004	0.9002	0.8998	0.8995	0.8995	1.6763	0.9029	0.8999	0.9027	0.901	0.8991	0.8999	0.9455	0.9006	0.9101	0.8995	1.4461	0.8994	1.4805	1.0305	1.2492	0.899	0.8993	0.9139
  S	0.9038	1.0409	0.9012	0.9004	0.8998	0.8993	0.9013	1.2105	0.8994	0.9	0.9	0.8992	0.9001	0.9034	2.2486	0.8999	0.9038	0.8999	0	1.3421	0.9009	0.8996	0.8998	0.8997	0.9001	0.9023	0.9005	0.9033	0.9012	0.8995	1.3013	1.183	0.9009	0.9088	0.8999	1.1153	0.907	0.9049	2.363	0.9094	0.8992	1.1337	0.9003
  T	0.9054	1.0017	1.1964	0.997	0.9006	0.9021	0.9913	1.0728	0.9041	0.9008	0.921	0.8993	0.9009	1.3661	1.5074	0.9031	0.9494	0.9004	1.3421	0	1.2776	0.9001	0.9	0.9002	0.914	0.9057	1.8404	0.9052	0.9018	0.8998	0.9274	0.9181	0.9015	0.9105	0.9048	1.0449	0.9003	0.9075	2.6162	1.2893	0.8994	0.911	0.9011
  U	0.9027	0.9997	0.9039	1.0862	0.9005	0.8994	0.9016	1.1763	0.9072	0.9006	0.8999	0.8994	0.9006	0.9043	0.9637	0.9009	0.9035	0.9002	0.9009	1.2776	0	0.9001	0.8997	0.8998	0.9001	0.9015	0.9008	0.9025	0.9009	0.9002	0.9005	0.9015	0.9013	0.9109	0.8998	1.1899	0.9002	0.9071	0.9267	0.9693	0.8994	0.8997	0.9004
  V	0.9006	0.9018	0.8999	0.8998	0.8989	0.8991	0.9003	0.9017	0.899	0.8995	0.8995	0.8992	0.8997	0.9011	0.9081	0.8994	0.9023	0.8998	0.8996	0.9001	0.9001	0	0.8992	1.1365	0.8997	0.8999	0.8997	0.9013	0.9004	0.899	0.9	0.9007	0.9001	0.91	0.8994	1.3564	0.8993	0.9025	0.9037	1.3479	0.8989	0.8992	0.8999
  W	0.9017	0.9303	0.8998	0.8996	0.8989	0.8988	0.9097	0.902	0.8988	0.8993	0.8993	0.8987	0.8994	0.9018	1.4023	0.8991	0.9027	0.8995	0.8998	0.9	0.8997	0.8992	0	0.8992	0.8994	1.2007	0.8995	0.9024	0.9001	0.8989	0.8995	0.901	0.8999	0.9096	0.8992	1.1757	0.8991	0.902	0.908	0.902	0.8987	0.899	0.8995
  X	0.9009	0.902	0.8999	0.8995	0.8987	0.899	0.9002	0.902	0.8988	0.8993	0.8994	0.899	0.8994	0.9012	1.3817	0.8993	0.9021	0.8995	0.8997	0.9002	0.8998	1.1365	0.8992	0	0.8995	0.9001	0.8996	0.9016	0.9003	0.8989	0.9013	0.9007	0.8998	0.9098	0.8993	0.9067	0.8992	0.9024	1.3541	1.1538	0.8988	0.8991	0.8997
  Y	0.9014	0.9083	0.9272	0.9	0.8993	0.8993	0.985	0.9026	0.8992	0.8998	1.0321	0.8992	0.8997	0.9131	0.913	0.8995	1.1557	1.6763	0.9001	0.914	0.9001	0.8997	0.8994	0.8995	0	0.9005	0.8997	0.9021	0.9007	0.8992	0.8998	1.0064	0.9003	0.911	0.8996	0.9152	0.8996	1.1816	0.922	0.9144	0.8992	0.8995	0.9006
  Z	1.1885	1.2131	0.9019	0.9009	0.9013	0.8995	0.9038	0.912	0.8997	0.9015	0.9023	0.8993	1.074	0.9238	2.5815	0.9006	1.0301	0.9029	0.9023	0.9057	0.9015	0.8999	1.2007	0.9001	0.9005	0	0.9623	1.2795	0.9043	0.8998	0.9009	1.0985	0.902	0.9097	0.9006	3.4593	0.9002	0.9421	3.2197	1.0847	0.8994	0.8997	0.9029
  [	1.0214	0.9554	0.9009	0.9003	0.9119	0.899	0.9048	0.9079	0.899	0.8997	0.8997	0.8989	0.9001	0.9657	1.774	0.8997	0.9386	0.8999	0.9005	1.8404	0.9008	0.8997	0.8995	0.8996	0.8997	0.9623	0	0.934	0.901	0.899	0.9003	0.9333	0.9004	0.9103	0.8999	1.6806	0.8993	0.9042	1.226	1.55	0.8988	0.8992	0.9002
  \	0.9501	1.4384	0.9034	0.9123	0.9029	0.9011	1.2773	1.3859	0.9012	0.9028	0.9026	0.9008	0.9448	0.9796	5.5554	0.9021	2.0727	0.9027	0.9033	0.9052	0.9025	0.9013	0.9024	0.9016	0.9021	1.2795	0.934	0	1.1052	0.9014	0.9128	0.9389	0.903	0.9107	0.9021	1.9727	0.9016	1.0068	1.7228	0.9663	0.9012	0.9013	1.2219
  ]	0.9849	0.9155	0.9014	0.9007	0.9007	0.8998	0.9021	0.9057	0.9	0.901	0.9005	0.8997	0.9018	0.9048	1.1352	0.9003	0.9756	0.901	0.9012	0.9018	0.9009	0.9004	0.9001	0.9003	0.9007	0.9043	0.901	1.1052	0	0.9	0.9009	0.9034	0.9015	0.9108	0.9004	1.4965	0.9003	1.1249	1.1722	1.0212	0.8996	0.8999	0.9016
  ^	0.9008	1.2563	0.8999	0.8993	0.8987	0.8986	0.9	0.9175	0.8986	0.8991	0.8991	0.8985	0.8992	0.9109	0.9715	0.9011	0.9017	0.8991	0.8995	0.8998	0.9002	0.899	0.8989	0.8989	0.8992	0.8998	0.899	0.9014	0.9	0	0.8992	0.9003	0.8997	0.9095	0.9026	0.9593	0.899	0.9021	1.3538	0.9104	0.8986	0.8989	0.8994
  _	0.9022	0.9056	0.9004	0.9	0.8994	0.8993	0.9009	1.3778	0.8992	0.8997	0.8997	0.8991	0.8998	1.5127	1.8684	0.8998	0.9822	0.8999	1.3013	0.9274	0.9005	0.9	0.8995	0.9013	0.8998	0.9009	0.9003	0.9128	0.9009	0.8992	0	0.9182	0.9007	0.9099	0.9001	1.2305	0.8996	0.9039	1.4247	1.7386	0.899	1.1826	0.9002
  `	1.3056	0.9756	0.9274	0.9011	1.3619	0.9004	0.9992	1.2458	0.9004	0.9016	1.3054	0.9	0.9013	1.2904	1.4497	0.901	2.11	0.9455	1.183	0.9181	0.9015	0.9007	0.901	0.9007	1.0064	1.0985	0.9333	0.9389	0.9034	0.9003	0.9182	0	0.9025	0.9119	0.9016	1.2286	0.9068	1.804	1.9832	1.38	0.9	0.9005	0.9022
  a	0.9045	1.1217	0.902	0.9008	1.0563	0.8996	0.9044	1.3921	0.9001	0.9007	0.9	0.8994	1.1121	1.0541	0.9166	0.9005	0.905	0.9006	0.9009	0.9015	0.9013	0.9001	0.8999	0.8998	0.9003	0.902	0.9004	0.903	0.9015	0.8997	0.9007	0.9025	0	0.9112	0.9008	2.256	1.0314	1.0187	1.1205	0.905	0.8995	0.8998	0.9008
  b	0.9116	0.9319	0.9116	1.0856	0.909	0.9101	0.9109	0.9108	0.9097	0.9101	0.9106	0.9099	0.9099	3.3193	0.9575	0.9102	0.9142	0.9101	0.9088	0.9105	0.9109	0.91	0.9096	0.9098	0.911	0.9097	0.9103	0.9107	0.9108	0.9095	0.9099	0.9119	0.9112	0	1.3357	1.7865	0.91	0.9123	1.0884	0.9181	0.9096	0.9101	0.9103
  c	1.1286	0.91	0.9008	0.9005	0.8995	0.9009	0.9006	0.9141	0.899	0.8995	0.8996	0.8989	0.8994	3.5341	1.0642	0.912	0.9073	0.8995	0.8999	0.9048	0.8998	0.8994	0.8992	0.8993	0.8996	0.9006	0.8999	0.9021	0.9004	0.9026	0.9001	0.9016	0.9008	1.3357	0	0.9937	0.8994	0.903	1.1389	0.906	0.8989	0.8992	0.8997
  d	4.7385	8.5124	1.6605	1.1598	3.5848	0.9046	3.0933	2.3515	1.7251	1.3168	0.9058	0.9044	2.4325	5.6067	6.7923	1.224	2.3911	1.4461	1.1153	1.0449	1.1899	1.3564	1.1757	0.9067	0.9152	3.4593	1.6806	1.9727	1.4965	0.9593	1.2305	1.2286	2.256	1.7865	0.9937	0	0.9484	2.1089	5.5247	4.0436	0.9029	0.9032	1.729
  e	0.9018	0.9042	0.9	0.8997	0.9441	0.8989	0.9005	2.205	0.8991	0.8994	0.8994	0.8988	0.8996	0.9021	0.9819	0.8992	0.9024	0.8994	0.907	0.9003	0.9002	0.8993	0.8991	0.8992	0.8996	0.9002	0.8993	0.9016	0.9003	0.899	0.8996	0.9068	1.0314	0.91	0.8994	0.9484	0	0.9033	1.2976	0.9021	0.8988	0.8991	0.8996
  f	1.2193	1.4017	0.9063	0.9061	0.9049	0.9018	0.9049	2.1187	0.9076	0.9034	0.9026	0.9018	0.904	0.9764	1.3046	0.9031	0.9313	1.4805	0.9049	0.9075	0.9071	0.9025	0.902	0.9024	1.1816	0.9421	0.9042	1.0068	1.1249	0.9021	0.9039	1.804	1.0187	0.9123	0.903	2.1089	0.9033	0	2.2052	1.4253	0.9016	0.902	1.1366
  g	3.3283	8.3615	1.6281	0.928	1.1097	0.9032	0.9798	3.7214	0.9457	1.69	0.9341	0.9026	1.1387	2.7303	7.7152	1.1407	2.1261	1.0305	2.363	2.6162	0.9267	0.9037	0.908	1.3541	0.922	3.2197	1.226	1.7228	1.1722	1.3538	1.4247	1.9832	1.1205	1.0884	1.1389	5.5247	1.2976	2.2052	0	2.7428	0.9102	0.9041	1.2895
  h	1.3352	3.0254	0.9048	0.9029	0.9196	1.0554	0.9097	1.1814	0.9016	0.9037	0.9041	1.3554	1.3607	1.5269	2.4215	1.0543	1.8226	1.2492	0.9094	1.2893	0.9693	1.3479	0.902	1.1538	0.9144	1.0847	1.55	0.9663	1.0212	0.9104	1.7386	1.38	0.905	0.9181	0.906	4.0436	0.9021	1.4253	2.7428	0	0.901	0.9041	1.3729
  i	0.9018	1.3423	0.8995	0.8992	0.8986	0.8985	0.8998	0.9082	0.8985	0.8989	0.899	0.8985	0.899	0.9006	0.9096	0.8989	0.9014	0.899	0.8992	0.8994	0.8994	0.8989	0.8987	0.8988	0.8992	0.8994	0.8988	0.9012	0.8996	0.8986	0.899	0.9	0.8995	0.9096	0.8989	0.9029	0.8988	0.9016	0.9102	0.901	0	0.8989	0.8991
  j	0.9033	1.3546	0.8998	0.8995	0.8987	0.8988	0.9001	0.9098	0.8988	0.8992	0.8993	0.8988	0.8992	0.901	0.9155	0.8992	0.9018	0.8993	1.1337	0.911	0.8997	0.8992	0.899	0.8991	0.8995	0.8997	0.8992	0.9013	0.8999	0.8989	1.1826	0.9005	0.8998	0.9101	0.8992	0.9032	0.8991	0.902	0.9041	0.9041	0.8989	0	0.8994
  k	0.9984	1.323	0.9008	0.9	0.9001	0.8992	1.194	0.9049	0.8992	0.9001	0.8998	0.8992	0.9005	0.904	1.0255	0.8999	0.9047	0.9139	0.9003	0.9011	0.9004	0.8999	0.8995	0.8997	0.9006	0.9029	0.9002	1.2219	0.9016	0.8994	0.9002	0.9022	0.9008	0.9103	0.8997	1.729	0.8996	1.1366	1.2895	1.3729	0.8991	0.8994	0

Actual rates from j->i (Q_ij):
	A	B	C	D	E	F	G	H	I	J	K	L	M	N	O	P	Q	R	S	T	U	V	W	X	Y	Z	[	\	]	^	_	`	a	b	c	d	e	f	g	h	i	j	k
  A	0	0.0456	0.0179	0.0178	0.0351	0.0178	0.018	0.0227	0.0178	0.0179	0.0178	0.0178	0.0179	0.0277	0.0624	0.0179	0.0186	0.0179	0.0179	0.0179	0.0179	0.0178	0.0178	0.0178	0.0178	0.0235	0.0202	0.0188	0.0195	0.0178	0.0179	0.0258	0.0179	0.018	0.0223	0.0938	0.0178	0.0241	0.0659	0.0264	0.0178	0.0179	0.0198
  B	0.0337	0	0.0203	0.0134	0.0319	0.0132	0.0173	0.0598	0.0135	0.0134	0.0133	0.0132	0.0261	0.042	0.084	0.023	0.0223	0.0195	0.0152	0.0146	0.0146	0.0132	0.0136	0.0132	0.0133	0.0177	0.014	0.021	0.0134	0.0184	0.0132	0.0143	0.0164	0.0136	0.0133	0.1244	0.0132	0.0205	0.1222	0.0442	0.0196	0.0198	0.0193
  C	0.0225	0.0346	0	0.0225	0.0225	0.0224	0.0268	0.0228	0.0226	0.0226	0.0235	0.0224	0.0335	0.0398	0.0231	0.0225	0.0245	0.0225	0.0225	0.0298	0.0226	0.0225	0.0224	0.0225	0.0231	0.0225	0.0225	0.0225	0.0225	0.0225	0.0225	0.0231	0.0225	0.0227	0.0225	0.0414	0.0225	0.0226	0.0406	0.0226	0.0224	0.0224	0.0225
  D	0.0232	0.0236	0.0232	0	0.0231	0.0231	0.0231	0.0237	0.0233	0.0231	0.0231	0.0231	0.0231	0.0319	0.0348	0.0231	0.0232	0.0231	0.0231	0.0256	0.0279	0.0231	0.0231	0.0231	0.0231	0.0231	0.0231	0.0234	0.0231	0.0231	0.0231	0.0231	0.0231	0.0279	0.0231	0.0298	0.0231	0.0233	0.0238	0.0232	0.0231	0.0231	0.0231
  E	0.0399	0.0492	0.0203	0.0203	0	0.0202	0.0314	0.0332	0.0202	0.0203	0.0203	0.0202	0.0304	0.0219	0.0207	0.0203	0.0204	0.0203	0.0203	0.0203	0.0203	0.0202	0.0202	0.0202	0.0203	0.0203	0.0205	0.0203	0.0203	0.0202	0.0203	0.0307	0.0238	0.0205	0.0203	0.0807	0.0213	0.0204	0.025	0.0207	0.0202	0.0202	0.0203
  F	0.0241	0.0242	0.0241	0.0241	0.0241	0	0.0241	0.0242	0.0241	0.0241	0.0241	0.0241	0.0241	0.0289	0.0243	0.0241	0.0307	0.0241	0.0241	0.0242	0.0241	0.0241	0.0241	0.0241	0.0241	0.0241	0.0241	0.0242	0.0241	0.0241	0.0241	0.0242	0.0241	0.0244	0.0242	0.0243	0.0241	0.0242	0.0242	0.0283	0.0241	0.0241	0.0241
  G	0.022	0.0286	0.0259	0.0217	0.0336	0.0217	0	0.0218	0.0217	0.0217	0.0243	0.0217	0.0218	0.0248	0.0304	0.0217	0.0284	0.0217	0.0217	0.0239	0.0217	0.0217	0.0219	0.0217	0.0237	0.0218	0.0218	0.0308	0.0217	0.0217	0.0217	0.0241	0.0218	0.022	0.0217	0.0746	0.0217	0.0218	0.0236	0.0219	0.0217	0.0217	0.0288
  H	0.0184	0.0655	0.0147	0.0148	0.0236	0.0144	0.0145	0	0.0221	0.0145	0.0144	0.0144	0.0145	0.0313	0.0449	0.0146	0.0228	0.0145	0.0194	0.0172	0.0188	0.0144	0.0144	0.0144	0.0144	0.0146	0.0145	0.0222	0.0145	0.0147	0.0221	0.0199	0.0223	0.0146	0.0146	0.0376	0.0353	0.0339	0.0596	0.0189	0.0145	0.0146	0.0145
  I	0.0229	0.0236	0.023	0.0231	0.0229	0.0229	0.0229	0.0351	0	0.0229	0.0229	0.0229	0.0229	0.0229	0.0231	0.0229	0.023	0.0229	0.0229	0.023	0.0231	0.0229	0.0229	0.0229	0.0229	0.0229	0.0229	0.0229	0.0229	0.0229	0.0229	0.0229	0.0229	0.0232	0.0229	0.0439	0.0229	0.0231	0.0241	0.0229	0.0229	0.0229	0.0229
  J	0.0227	0.0231	0.0228	0.0226	0.0226	0.0226	0.0227	0.0228	0.0226	0	0.0226	0.0226	0.0226	0.0227	0.0229	0.0226	0.0295	0.0226	0.0226	0.0226	0.0226	0.0226	0.0226	0.0226	0.0226	0.0227	0.0226	0.0227	0.0227	0.0226	0.0226	0.0227	0.0226	0.0229	0.0226	0.0331	0.0226	0.0227	0.0425	0.0227	0.0226	0.0226	0.0226
  K	0.0244	0.0246	0.0254	0.0243	0.0243	0.0243	0.0273	0.0244	0.0243	0.0243	0	0.0243	0.0243	0.027	0.0246	0.0243	0.0457	0.0243	0.0243	0.0249	0.0243	0.0243	0.0243	0.0243	0.0279	0.0244	0.0243	0.0244	0.0244	0.0243	0.0243	0.0353	0.0244	0.0246	0.0243	0.0245	0.0243	0.0244	0.0253	0.0245	0.0243	0.0243	0.0243
  L	0.0243	0.0243	0.0242	0.0242	0.0242	0.0242	0.0242	0.0243	0.0242	0.0242	0.0242	0	0.0242	0.0243	0.0245	0.0242	0.0243	0.0242	0.0242	0.0242	0.0242	0.0242	0.0242	0.0242	0.0242	0.0242	0.0242	0.0243	0.0242	0.0242	0.0242	0.0243	0.0242	0.0245	0.0242	0.0244	0.0242	0.0243	0.0243	0.0365	0.0242	0.0242	0.0242
  M	0.0219	0.0433	0.0325	0.0218	0.0327	0.0218	0.0219	0.0219	0.0218	0.0218	0.0218	0.0218	0	0.0219	0.0223	0.0218	0.0328	0.0218	0.0218	0.0218	0.0218	0.0218	0.0218	0.0218	0.0218	0.026	0.0218	0.0229	0.0218	0.0218	0.0218	0.0218	0.0269	0.022	0.0218	0.0589	0.0218	0.0219	0.0276	0.033	0.0218	0.0218	0.0218
  N	0.0213	0.0438	0.0243	0.0189	0.0148	0.0164	0.0157	0.0298	0.0137	0.0138	0.0152	0.0137	0.0138	0	0.0498	0.0306	0.0399	0.0138	0.0138	0.0208	0.0138	0.0137	0.0138	0.0137	0.0139	0.0141	0.0147	0.0149	0.0138	0.0139	0.0231	0.0197	0.0161	0.0506	0.0539	0.0855	0.0138	0.0149	0.0416	0.0233	0.0137	0.0137	0.0138
  O	0.0514	0.0938	0.0151	0.0221	0.015	0.0148	0.0206	0.0457	0.0148	0.0149	0.0148	0.0148	0.015	0.0532	0	0.016	0.0232	0.0213	0.0367	0.0246	0.0157	0.0148	0.0229	0.0225	0.0149	0.0421	0.0289	0.0906	0.0185	0.0158	0.0305	0.0236	0.0149	0.0156	0.0174	0.1108	0.016	0.0213	0.1258	0.0395	0.0148	0.0149	0.0167
  P	0.0228	0.0398	0.0228	0.0228	0.0228	0.0228	0.0228	0.023	0.0227	0.0227	0.0227	0.0227	0.0228	0.0507	0.0247	0	0.0229	0.0228	0.0228	0.0228	0.0228	0.0227	0.0227	0.0227	0.0227	0.0228	0.0228	0.0228	0.0228	0.0228	0.0228	0.0228	0.0228	0.023	0.0231	0.031	0.0227	0.0228	0.0288	0.0267	0.0227	0.0227	0.0228
  Q	0.0222	0.0361	0.0232	0.0213	0.0214	0.027	0.0279	0.0337	0.0213	0.0278	0.0399	0.0213	0.032	0.0618	0.0336	0.0214	0	0.0213	0.0214	0.0224	0.0214	0.0213	0.0213	0.0213	0.0273	0.0243	0.0222	0.049	0.0231	0.0213	0.0232	0.0499	0.0214	0.0216	0.0214	0.0565	0.0213	0.022	0.0503	0.0431	0.0213	0.0213	0.0214
  R	0.0231	0.0341	0.023	0.023	0.023	0.023	0.0231	0.0231	0.023	0.023	0.023	0.023	0.023	0.0231	0.0334	0.023	0.0231	0	0.023	0.023	0.023	0.023	0.023	0.023	0.0429	0.0231	0.023	0.0231	0.0231	0.023	0.023	0.0242	0.0231	0.0233	0.023	0.037	0.023	0.0379	0.0264	0.032	0.023	0.023	0.0234
  S	0.0203	0.0234	0.0203	0.0202	0.0202	0.0202	0.0203	0.0272	0.0202	0.0202	0.0202	0.0202	0.0202	0.0203	0.0505	0.0202	0.0203	0.0202	0	0.0302	0.0202	0.0202	0.0202	0.0202	0.0202	0.0203	0.0202	0.0203	0.0203	0.0202	0.0292	0.0266	0.0202	0.0204	0.0202	0.0251	0.0204	0.0203	0.0531	0.0204	0.0202	0.0255	0.0202
  T	0.0223	0.0246	0.0294	0.0245	0.0222	0.0222	0.0244	0.0264	0.0222	0.0222	0.0227	0.0221	0.0222	0.0336	0.0371	0.0222	0.0234	0.0222	0.033	0	0.0314	0.0221	0.0221	0.0222	0.0225	0.0223	0.0453	0.0223	0.0222	0.0221	0.0228	0.0226	0.0222	0.0224	0.0223	0.0257	0.0222	0.0223	0.0644	0.0317	0.0221	0.0224	0.0222
  U	0.0236	0.0261	0.0236	0.0283	0.0235	0.0235	0.0235	0.0307	0.0237	0.0235	0.0235	0.0235	0.0235	0.0236	0.0251	0.0235	0.0236	0.0235	0.0235	0.0333	0	0.0235	0.0235	0.0235	0.0235	0.0235	0.0235	0.0236	0.0235	0.0235	0.0235	0.0235	0.0235	0.0238	0.0235	0.031	0.0235	0.0237	0.0242	0.0253	0.0235	0.0235	0.0235
  V	0.0232	0.0232	0.0231	0.0231	0.0231	0.0231	0.0232	0.0232	0.0231	0.0231	0.0231	0.0231	0.0231	0.0232	0.0234	0.0231	0.0232	0.0231	0.0231	0.0232	0.0232	0	0.0231	0.0292	0.0231	0.0231	0.0231	0.0232	0.0232	0.0231	0.0231	0.0232	0.0232	0.0234	0.0231	0.0349	0.0231	0.0232	0.0232	0.0347	0.0231	0.0231	0.0231
  W	0.023	0.0237	0.0229	0.0229	0.0229	0.0229	0.0232	0.023	0.0229	0.0229	0.0229	0.0229	0.0229	0.023	0.0357	0.0229	0.023	0.0229	0.0229	0.0229	0.0229	0.0229	0	0.0229	0.0229	0.0306	0.0229	0.023	0.0229	0.0229	0.0229	0.023	0.0229	0.0232	0.0229	0.03	0.0229	0.023	0.0231	0.023	0.0229	0.0229	0.0229
  X	0.0231	0.0231	0.0231	0.0231	0.023	0.0231	0.0231	0.0231	0.0231	0.0231	0.0231	0.0231	0.0231	0.0231	0.0354	0.0231	0.0231	0.0231	0.0231	0.0231	0.0231	0.0291	0.0231	0	0.0231	0.0231	0.0231	0.0231	0.0231	0.0231	0.0231	0.0231	0.0231	0.0233	0.0231	0.0233	0.0231	0.0231	0.0347	0.0296	0.0231	0.0231	0.0231
  Y	0.0257	0.0259	0.0264	0.0256	0.0256	0.0256	0.028	0.0257	0.0256	0.0256	0.0294	0.0256	0.0256	0.026	0.026	0.0256	0.0329	0.0477	0.0256	0.026	0.0256	0.0256	0.0256	0.0256	0	0.0256	0.0256	0.0257	0.0256	0.0256	0.0256	0.0287	0.0256	0.0259	0.0256	0.0261	0.0256	0.0336	0.0263	0.026	0.0256	0.0256	0.0256
  Z	0.0244	0.0249	0.0185	0.0185	0.0185	0.0185	0.0185	0.0187	0.0185	0.0185	0.0185	0.0185	0.022	0.019	0.053	0.0185	0.0211	0.0185	0.0185	0.0186	0.0185	0.0185	0.0246	0.0185	0.0185	0	0.0197	0.0263	0.0186	0.0185	0.0185	0.0225	0.0185	0.0187	0.0185	0.071	0.0185	0.0193	0.0661	0.0223	0.0185	0.0185	0.0185
  [	0.0256	0.0239	0.0225	0.0225	0.0228	0.0225	0.0226	0.0227	0.0225	0.0225	0.0225	0.0225	0.0225	0.0242	0.0444	0.0225	0.0235	0.0225	0.0225	0.0461	0.0225	0.0225	0.0225	0.0225	0.0225	0.0241	0	0.0234	0.0226	0.0225	0.0225	0.0234	0.0225	0.0228	0.0225	0.0421	0.0225	0.0226	0.0307	0.0388	0.0225	0.0225	0.0225
  \	0.019	0.0288	0.0181	0.0183	0.0181	0.018	0.0256	0.0278	0.0181	0.0181	0.0181	0.018	0.0189	0.0196	0.1113	0.0181	0.0415	0.0181	0.0181	0.0181	0.0181	0.0181	0.0181	0.0181	0.0181	0.0256	0.0187	0	0.0221	0.0181	0.0183	0.0188	0.0181	0.0182	0.0181	0.0395	0.0181	0.0202	0.0345	0.0194	0.0181	0.0181	0.0245
  ]	0.0249	0.0231	0.0228	0.0228	0.0228	0.0227	0.0228	0.0229	0.0227	0.0228	0.0227	0.0227	0.0228	0.0229	0.0287	0.0227	0.0246	0.0228	0.0228	0.0228	0.0228	0.0227	0.0227	0.0227	0.0228	0.0228	0.0228	0.0279	0	0.0227	0.0228	0.0228	0.0228	0.023	0.0227	0.0378	0.0227	0.0284	0.0296	0.0258	0.0227	0.0227	0.0228
  ^	0.023	0.0321	0.023	0.023	0.023	0.023	0.023	0.0234	0.023	0.023	0.023	0.023	0.023	0.0233	0.0248	0.023	0.023	0.023	0.023	0.023	0.023	0.023	0.023	0.023	0.023	0.023	0.023	0.023	0.023	0	0.023	0.023	0.023	0.0232	0.0231	0.0245	0.023	0.023	0.0346	0.0233	0.023	0.023	0.023
  _	0.0219	0.022	0.0218	0.0218	0.0218	0.0218	0.0219	0.0334	0.0218	0.0218	0.0218	0.0218	0.0218	0.0367	0.0453	0.0218	0.0238	0.0218	0.0316	0.0225	0.0218	0.0218	0.0218	0.0219	0.0218	0.0219	0.0218	0.0221	0.0219	0.0218	0	0.0223	0.0218	0.0221	0.0218	0.0298	0.0218	0.0219	0.0346	0.0422	0.0218	0.0287	0.0218
  `	0.0322	0.0241	0.0229	0.0222	0.0336	0.0222	0.0247	0.0307	0.0222	0.0223	0.0322	0.0222	0.0222	0.0318	0.0358	0.0222	0.0521	0.0233	0.0292	0.0227	0.0223	0.0222	0.0222	0.0222	0.0248	0.0271	0.023	0.0232	0.0223	0.0222	0.0227	0	0.0223	0.0225	0.0223	0.0303	0.0224	0.0445	0.0489	0.0341	0.0222	0.0222	0.0223
  a	0.0221	0.0274	0.022	0.022	0.0258	0.022	0.0221	0.034	0.022	0.022	0.022	0.022	0.0272	0.0258	0.0224	0.022	0.0221	0.022	0.022	0.022	0.022	0.022	0.022	0.022	0.022	0.022	0.022	0.0221	0.022	0.022	0.022	0.022	0	0.0223	0.022	0.0551	0.0252	0.0249	0.0274	0.0221	0.022	0.022	0.022
  b	0.0228	0.0233	0.0228	0.0271	0.0227	0.0227	0.0227	0.0227	0.0227	0.0227	0.0227	0.0227	0.0227	0.0829	0.0239	0.0227	0.0228	0.0227	0.0227	0.0227	0.0227	0.0227	0.0227	0.0227	0.0227	0.0227	0.0227	0.0227	0.0227	0.0227	0.0227	0.0228	0.0227	0	0.0333	0.0446	0.0227	0.0228	0.0272	0.0229	0.0227	0.0227	0.0227
  c	0.0293	0.0236	0.0234	0.0234	0.0234	0.0234	0.0234	0.0237	0.0234	0.0234	0.0234	0.0234	0.0234	0.0918	0.0276	0.0237	0.0236	0.0234	0.0234	0.0235	0.0234	0.0234	0.0234	0.0234	0.0234	0.0234	0.0234	0.0234	0.0234	0.0234	0.0234	0.0234	0.0234	0.0347	0	0.0258	0.0234	0.0235	0.0296	0.0235	0.0234	0.0234	0.0234
  d	0.0597	0.1072	0.0209	0.0146	0.0451	0.0114	0.039	0.0296	0.0217	0.0166	0.0114	0.0114	0.0306	0.0706	0.0855	0.0154	0.0301	0.0182	0.014	0.0132	0.015	0.0171	0.0148	0.0114	0.0115	0.0436	0.0212	0.0248	0.0188	0.0121	0.0155	0.0155	0.0284	0.0225	0.0125	0	0.0119	0.0266	0.0696	0.0509	0.0114	0.0114	0.0218
  e	0.0233	0.0234	0.0233	0.0233	0.0244	0.0233	0.0233	0.057	0.0233	0.0233	0.0233	0.0233	0.0233	0.0233	0.0254	0.0233	0.0233	0.0233	0.0235	0.0233	0.0233	0.0233	0.0233	0.0233	0.0233	0.0233	0.0233	0.0233	0.0233	0.0233	0.0233	0.0235	0.0267	0.0235	0.0233	0.0245	0	0.0234	0.0336	0.0233	0.0233	0.0233	0.0233
  f	0.0265	0.0305	0.0197	0.0197	0.0197	0.0196	0.0197	0.0461	0.0197	0.0196	0.0196	0.0196	0.0197	0.0212	0.0284	0.0196	0.0203	0.0322	0.0197	0.0197	0.0197	0.0196	0.0196	0.0196	0.0257	0.0205	0.0197	0.0219	0.0245	0.0196	0.0197	0.0392	0.0222	0.0198	0.0196	0.0459	0.0196	0	0.048	0.031	0.0196	0.0196	0.0247
  g	0.0423	0.1064	0.0207	0.0118	0.0141	0.0115	0.0125	0.0473	0.012	0.0215	0.0119	0.0115	0.0145	0.0347	0.0981	0.0145	0.027	0.0131	0.0301	0.0333	0.0118	0.0115	0.0116	0.0172	0.0117	0.041	0.0156	0.0219	0.0149	0.0172	0.0181	0.0252	0.0143	0.0138	0.0145	0.0703	0.0165	0.0281	0	0.0349	0.0116	0.0115	0.0164
  h	0.0266	0.0604	0.0181	0.018	0.0184	0.0211	0.0182	0.0236	0.018	0.018	0.018	0.027	0.0272	0.0305	0.0483	0.021	0.0364	0.0249	0.0181	0.0257	0.0193	0.0269	0.018	0.023	0.0182	0.0216	0.0309	0.0193	0.0204	0.0182	0.0347	0.0275	0.0181	0.0183	0.0181	0.0807	0.018	0.0284	0.0547	0	0.018	0.018	0.0274
  i	0.0237	0.0353	0.0236	0.0236	0.0236	0.0236	0.0237	0.0239	0.0236	0.0236	0.0236	0.0236	0.0236	0.0237	0.0239	0.0236	0.0237	0.0236	0.0236	0.0236	0.0236	0.0236	0.0236	0.0236	0.0236	0.0236	0.0236	0.0237	0.0237	0.0236	0.0236	0.0237	0.0236	0.0239	0.0236	0.0237	0.0236	0.0237	0.0239	0.0237	0	0.0236	0.0236
  j	0.0242	0.0362	0.0241	0.0241	0.024	0.024	0.0241	0.0243	0.024	0.024	0.0241	0.024	0.024	0.0241	0.0245	0.024	0.0241	0.024	0.0303	0.0244	0.0241	0.024	0.024	0.024	0.0241	0.0241	0.024	0.0241	0.0241	0.024	0.0316	0.0241	0.0241	0.0243	0.024	0.0242	0.024	0.0241	0.0242	0.0242	0.024	0	0.0241
  k	0.0254	0.0337	0.023	0.0229	0.0229	0.0229	0.0304	0.0231	0.0229	0.0229	0.0229	0.0229	0.0229	0.023	0.0261	0.0229	0.0231	0.0233	0.0229	0.023	0.0229	0.0229	0.0229	0.0229	0.023	0.023	0.0229	0.0311	0.023	0.0229	0.0229	0.023	0.023	0.0232	0.0229	0.0441	0.0229	0.029	0.0329	0.035	0.0229	0.0229	0
