{
  "generated_by": {
    "program": "augur",
    "version": "24.3.0"
  },
  "models": {
    "country": {
      "alphabet": [
        "Argentina",
        "Australia",
        "Austria",
        "Belgium",
        "Brazil",
        "Cambodia",
        "Canada",
        "China",
        "Croatia",
        "Ecuador",
        "Egypt",
        "England",
        "Finland",
        "France",
        "Germany",
        "Ireland",
        "Italy",
        "Japan",
        "Jordan",
        "Kenya",
        "Kuwait",
        "Lebanon",
        "Madagascar",
        "Mexico",
        "Mongolia",
        "Morocco",
        "Mozambique",
        "Netherlands",
        "Nicaragua",
        "Pakistan",
        "Peru",
        "Philippines",
        "Russia",
        "Senegal",
        "Slovakia",
        "Spain",
        "Taiwan",
        "Thailand",
        "USA",
        "United Kingdom",
        "VIetnam",
        "Vietnam",
        "Zambia",
        "?"
      ],
      "equilibrium_probabilities": [
        0.019789603669066905,
        0.014614407135845211,
        0.024947745708377787,
        0.025683748853166242,
        0.02252180793505823,
        0.026823604410296527,
        0.024103699119647944,
        0.016009490679709172,
        0.02545316477917094,
        0.025139694997046675,
        0.027055250190836596,
        0.026945593768425837,
        0.024219844465863245,
        0.015251074037162998,
        0.016306505917204204,
        0.02529024093276953,
        0.0236346896365312,
        0.02559915406797959,
        0.02247561471867132,
        0.024607417294797606,
        0.02609438669274883,
        0.025721631148621683,
        0.025490584951081436,
        0.02564625773654661,
        0.028475476798392515,
        0.020515610562831067,
        0.02503053071070683,
        0.020030650456866625,
        0.02525980525246695,
        0.02554675010759367,
        0.02425445482511499,
        0.024681389150707483,
        0.02443146735808703,
        0.02496272183025533,
        0.02598080421313029,
        0.012593213017319698,
        0.025870896700619362,
        0.021746044533603973,
        0.012720463633946749,
        0.019955039924405973,
        0.026292945572003838,
        0.026743372846070396,
        0.025483149659250876
      ],
      "rate": 180.97277397948017,
      "transition_matrix": [
        [
          0.0,
          2.303812795164666,
          0.9031458854825473,
          0.9018674805072534,
          1.7731430609754935,
          0.9002638057530485,
          0.9111447328943678,
          1.1484421684754509,
          0.9006162992070371,
          0.9024291147825909,
          0.9011551851440454,
          0.9000914490795423,
          0.9031820253173019,
          1.39987275456173,
          3.152891828992941,
          0.9024105019400549,
          0.9408655053548257,
          0.9025298389561942,
          0.9037685511773123,
          0.9053728760953879,
          0.9027350332173704,
          0.9006358988398915,
          0.901662033596476,
          0.9008760729997739,
          0.9013655547896329,
          1.188535870699303,
          1.0213822594358182,
          0.950112956439091,
          0.9849467719024501,
          0.9008250676885791,
          0.9022029643011222,
          1.3055592889186418,
          0.904469573045722,
          0.9116113032146628,
          1.128624605886897,
          4.738525576452188,
          0.9017939630546304,
          1.2193235107167133,
          3.328328244041564,
          1.3351729073465197,
          0.9017510167660838,
          0.9032938964870868,
          0.9984011528705917
        ],
        [
          2.303812795164666,
          0.0,
          1.3888041839004566,
          0.9185800686615176,
          2.1858591306622044,
          0.9016456895485168,
          1.1850950034481562,
          4.088608798926112,
          0.9267766642402815,
          0.9188568604809377,
          0.9102598161883633,
          0.9006497464088925,
          1.7889832100121819,
          2.872770222212899,
          5.750129208831674,
          1.5740918900324,
          1.5288696613853476,
          1.333165221083012,
          1.0409297923181944,
          1.0016792438405204,
          0.9997232650832739,
          0.9018284449596247,
          0.9302924955503896,
          0.9020196222440777,
          0.9082637409316955,
          1.2131293063696733,
          0.9554437163319922,
          1.4384163505021959,
          0.9154507614687525,
          1.2562844451262611,
          0.905559469537596,
          0.9755646228506745,
          1.121716294290157,
          0.9318686264332616,
          0.9099656555665774,
          8.512362091596414,
          0.9041906816081439,
          1.4017355527121296,
          8.361502699923976,
          3.0253993961126744,
          1.3423342631834119,
          1.3545620362728432,
          1.3230433450290977
        ],
        [
          0.9031458854825473,
          1.3888041839004566,
          0.0,
          0.9037602875024027,
          0.9006063757157594,
          0.8996667582130019,
          1.0761110547903618,
          0.9156460907543427,
          0.9045103678472741,
          0.9051015014467412,
          0.9403572174281172,
          0.8994137080730825,
          1.343081780958283,
          1.5945259217161623,
          0.926324989066407,
          0.9004519451474993,
          0.9801418664399608,
          0.9002346656765927,
          0.901224124748425,
          1.196358586253941,
          0.9039293302486676,
          0.8999066045276453,
          0.8997766409261326,
          0.8998822167294012,
          0.9272402116475764,
          0.9018917362098747,
          0.9008880895143222,
          0.9034034652825543,
          0.901355555328113,
          0.8999340071247988,
          0.9004064206099489,
          0.9274133492216802,
          0.9019510424998811,
          0.9115561545338878,
          0.900800993466554,
          1.66051793550324,
          0.9000206386009025,
          0.9062544304257065,
          1.62808177421393,
          0.9047581667131522,
          0.8994586922265927,
          0.8997616573479355,
          0.900811067946392
        ],
        [
          0.9018674805072534,
          0.9185800686615176,
          0.9037602875024027,
          0.0,
          0.8997975515936717,
          0.899349720817835,
          0.9011483923457116,
          0.9240983156414442,
          0.9067600249354835,
          0.9004234912732235,
          0.8998078457402694,
          0.8992080364119591,
          0.9000708291699696,
          1.2402809870116138,
          1.3531911662016882,
          0.8999144171148913,
          0.9029479956383886,
          0.8999006414194759,
          0.9003841963374831,
          0.9970041447481256,
          1.086237726265653,
          0.8997949218577422,
          0.8996411567404787,
          0.8995432500569694,
          0.8999632769269507,
          0.9009104139628392,
          0.9003073793798101,
          0.9123154048126001,
          0.9006757282385355,
          0.8993330715216257,
          0.9000224680332548,
          0.901094768964489,
          0.9007554959179227,
          1.0855758466784107,
          0.900543539726413,
          1.1598460874995409,
          0.899663263767822,
          0.9061092299788148,
          0.9280247245871198,
          0.9029112107422572,
          0.8992093031307566,
          0.8995188329592982,
          0.9000395352509687
        ],
        [
          1.7731430609754935,
          2.1858591306622044,
          0.9006063757157594,
          0.8997975515936717,
          0.0,
          0.8984604603721101,
          1.3951090644273656,
          1.4744945864703272,
          0.8988639524114408,
          0.8997788086632943,
          0.8991673957033133,
          0.8983681463028312,
          1.3518544009533617,
          0.9708736007512524,
          0.917628537207201,
          0.8996062092348011,
          0.9068239652225587,
          0.8993786025837848,
          0.8997625308714291,
          0.9005900436651277,
          0.9005448915942197,
          0.8989168557948196,
          0.8989137687569878,
          0.8987245120190174,
          0.899266215221226,
          0.9013475238688636,
          0.9119198571445728,
          0.9028891604321599,
          0.9006714729800482,
          0.8987403966310434,
          0.8993971765516914,
          1.3619102868224333,
          1.0562984113760046,
          0.9090057532363603,
          0.899466905011214,
          3.584794560806338,
          0.9440677443976426,
          0.9049137038106413,
          1.1097456633895748,
          0.9196341404632745,
          0.8986278850316699,
          0.8987425943161066,
          0.9001093774973572
        ],
        [
          0.9002638057530485,
          0.9016456895485168,
          0.8996667582130019,
          0.899349720817835,
          0.8984604603721101,
          0.0,
          0.8999833680635059,
          0.9013774198226009,
          0.8985553739302691,
          0.8990592628596489,
          0.8992223427619412,
          0.8985658879547646,
          0.8989906705723667,
          1.077970651154047,
          0.90776778640799,
          0.9000967171057955,
          1.1437466680134267,
          0.8991009689238767,
          0.8992576631199372,
          0.90210050162028,
          0.8994354170736709,
          0.8991331875569485,
          0.8987925336096622,
          0.898968638382606,
          0.899307433626559,
          0.8994659678355703,
          0.8990236646576996,
          0.9011145906216523,
          0.8998439469731738,
          0.89861526204158,
          0.8993141846987874,
          0.9003987372347898,
          0.8995606322280418,
          0.9101058305469181,
          0.9008785381020935,
          0.9046154410100086,
          0.8988853870563244,
          0.9017554148836083,
          0.9032025623201828,
          1.0553673142394777,
          0.8985321557167137,
          0.8988359750094841,
          0.8991902076327019
        ],
        [
          0.9111447328943678,
          1.1850950034481562,
          1.0761110547903618,
          0.9011483923457116,
          1.3951090644273656,
          0.8999833680635059,
          0.0,
          0.9052629703388971,
          0.8999638973240817,
          0.9013839313420599,
          1.0100200475630594,
          0.8997703161390885,
          0.903882466868555,
          1.0286741064159093,
          1.260488655924393,
          0.9005667378578318,
          1.179365743812318,
          0.9010082747315883,
          0.9012825923431074,
          0.9912563676346241,
          0.9015899201861459,
          0.9002528915671747,
          0.9096583166610461,
          0.9002092533916709,
          0.9850022673478348,
          0.903823751554076,
          0.9048464316930087,
          1.2773311134012373,
          0.9021491146597634,
          0.9000261323237693,
          0.9008753652787609,
          0.9991871374994549,
          0.904412078425545,
          0.910862543964153,
          0.9006479136938984,
          3.0933045991334227,
          0.9005128777772606,
          0.9049266593120926,
          0.9798461170664817,
          0.9096529699251212,
          0.8997893433346394,
          0.9000936039272658,
          1.194041887882165
        ],
        [
          1.1484421684754509,
          4.088608798926112,
          0.9156460907543427,
          0.9240983156414442,
          1.4744945864703272,
          0.9013774198226009,
          0.9052629703388971,
          0.0,
          1.3778729567204577,
          0.9069841210823529,
          0.9023415954681068,
          0.9011998172767902,
          0.9048808700851679,
          1.9529861774363182,
          2.8019207654423095,
          0.9097273749260152,
          1.4260767756653758,
          0.9042546424544559,
          1.2104723733975427,
          1.0728489074899854,
          1.1763212607583728,
          0.9017254273719202,
          0.9019729898358058,
          0.9019778455084065,
          0.9025737321014695,
          0.9120177691083261,
          0.9078864853408385,
          1.385907146013586,
          0.9056836779462637,
          0.9174998971529211,
          1.3778241017697328,
          1.2458432200328529,
          1.3921012799115993,
          0.9108175965298508,
          0.9140732093299271,
          2.3515012803412025,
          2.204959916099556,
          2.1187074246237096,
          3.7214051852718018,
          1.1814119375142016,
          0.9082237493945473,
          0.9097608547039127,
          0.9048835122915673
        ],
        [
          0.9006162992070371,
          0.9267766642402815,
          0.9045103678472741,
          0.9067600249354835,
          0.8988639524114408,
          0.8985553739302691,
          0.8999638973240817,
          1.3778729567204577,
          0.0,
          0.9002317731581092,
          0.8990203465378527,
          0.8984839139038661,
          0.8992562983511647,
          0.9013112716929574,
          0.9088920861509515,
          0.8988845072679447,
          0.9017843509763213,
          0.899099108446659,
          0.8993950150190616,
          0.9040529444436888,
          0.9071658019947584,
          0.8989703734205412,
          0.898833249540825,
          0.8988341160119246,
          0.8992061569495652,
          0.8996868240104997,
          0.8990252925697351,
          0.9011604006438164,
          0.8999776595764419,
          0.8986141919493049,
          0.8991760091293235,
          0.900390621392511,
          0.9001472404221755,
          0.9096534536397277,
          0.8989775071428016,
          1.72514531073467,
          0.8991174431061708,
          0.9075826621922813,
          0.9456679744623911,
          0.9015631688666585,
          0.8984985110724373,
          0.8987929220504179,
          0.8992287289131781
        ],
        [
          0.9024291147825909,
          0.9188568604809377,
          0.9051015014467412,
          0.9004234912732235,
          0.8997788086632943,
          0.8990592628596489,
          0.9013839313420599,
          0.9069841210823529,
          0.9002317731581092,
          0.0,
          0.8997892462059106,
          0.8988864122015094,
          0.9004612391215115,
          0.9038943685431466,
          0.9119176768132958,
          0.8994369321217193,
          1.1752566659079478,
          0.8996206854742068,
          0.9000361574262985,
          0.9008238337071144,
          0.9006339333802558,
          0.8995255041215239,
          0.8992729190118639,
          0.8992596722653252,
          0.899752808573095,
          0.9014974225182009,
          0.8997021224965305,
          0.9027787803297793,
          0.90101109233657,
          0.8990560483462355,
          0.8997222290708066,
          0.90156085790636,
          0.9006975652484346,
          0.9101069955787117,
          0.8995004104996308,
          1.3167696410199108,
          0.8993802140460433,
          0.9034204920071492,
          1.6900351789769898,
          0.9036599749492807,
          0.8988929270218159,
          0.8991819750989181,
          0.9000694232521232
        ],
        [
          0.9011551851440454,
          0.9102598161883633,
          0.9403572174281172,
          0.8998078457402694,
          0.8991673957033133,
          0.8992223427619412,
          1.0100200475630594,
          0.9023415954681068,
          0.8990203465378527,
          0.8997892462059106,
          0.0,
          0.8990071515424024,
          0.8996032158509585,
          0.9980555318030631,
          0.9106758824894787,
          0.8994143842447458,
          1.6876438551877035,
          0.8997372177654543,
          0.8999927328521433,
          0.9210329490147963,
          0.8999321371282699,
          0.8994845804859323,
          0.8992644540420615,
          0.8993769657393059,
          1.0320637748626766,
          0.9022858240300082,
          0.8996673708132937,
          0.9025530334035488,
          0.9004643116134212,
          0.899104587547124,
          0.8997332873352241,
          1.305391375313263,
          0.900018586090411,
          0.9105968961902738,
          0.8996247080532628,
          0.9057548221205991,
          0.899399663125909,
          0.9025962999836716,
          0.9341495756227474,
          0.9040651053101253,
          0.8990061620882683,
          0.8993219343671311,
          0.8997551390755397
        ],
        [
          0.9000914490795423,
          0.9006497464088925,
          0.8994137080730825,
          0.8992080364119591,
          0.8983681463028312,
          0.8985658879547646,
          0.8997703161390885,
          0.9011998172767902,
          0.8984839139038661,
          0.8988864122015094,
          0.8990071515424024,
          0.0,
          0.8988456110978259,
          0.9005119208625543,
          0.9082928597029037,
          0.8988431986400515,
          0.9012208699066813,
          0.8990736946247115,
          0.8991944779613813,
          0.8993279344031991,
          0.899399656737809,
          0.8992017252726743,
          0.8987244943749869,
          0.8989658799948596,
          0.8991886375579117,
          0.899337058438339,
          0.8988628876014385,
          0.9008107612676858,
          0.899732632284427,
          0.8985387824449788,
          0.8990883182695858,
          0.9000059519756305,
          0.8994296508515042,
          0.9099016146234623,
          0.8988761877430631,
          0.904385563938388,
          0.8988143648980034,
          0.9018019246089091,
          0.9025797853517982,
          1.355387773101012,
          0.8984579334954075,
          0.8987650842844362,
          0.8991515713485477
        ],
        [
          0.9031820253173019,
          1.7889832100121819,
          1.343081780958283,
          0.9000708291699696,
          1.3518544009533617,
          0.8989906705723667,
          0.903882466868555,
          0.9048808700851679,
          0.8992562983511647,
          0.9004612391215115,
          0.8996032158509585,
          0.8988456110978259,
          0.0,
          0.9042486047315351,
          0.9201270683448275,
          0.8998911302425022,
          1.355381516829996,
          0.8999003219046586,
          0.9000637993207091,
          0.9009114467551761,
          0.900558771321928,
          0.8996735588890608,
          0.8993898275133513,
          0.8993566657203292,
          0.8997345353072749,
          1.0740415064676472,
          0.9000665672586619,
          0.944780659823205,
          0.9018280003410536,
          0.8991679771894913,
          0.8997981304717966,
          0.9013302456157798,
          1.1121221744475023,
          0.9099304136179261,
          0.8994458625162028,
          2.432524651015133,
          0.8996111657975471,
          0.9040072655770374,
          1.138703099267764,
          1.3607456530513413,
          0.8989505087714288,
          0.8992245521839907,
          0.9005018025235318
        ],
        [
          1.39987275456173,
          2.872770222212899,
          1.5945259217161623,
          1.2402809870116138,
          0.9708736007512524,
          1.077970651154047,
          1.0286741064159093,
          1.9529861774363182,
          0.9013112716929574,
          0.9038943685431466,
          0.9980555318030631,
          0.9005119208625543,
          0.9042486047315351,
          0.0,
          3.2638099075535316,
          2.0052234285234642,
          2.6148861303501927,
          0.9024498530715231,
          0.903362362011696,
          1.366120313836897,
          0.9043003561913094,
          0.9010861373710795,
          0.9017579030045977,
          0.9011836775703334,
          0.913098221893393,
          0.9237533701521903,
          0.9657170236421345,
          0.9796024331217004,
          0.9047957800453222,
          0.9109169790638271,
          1.5126520575690576,
          1.2903794810879148,
          1.0540677073328997,
          3.3192886920526465,
          3.5340567090216064,
          5.606651644421168,
          0.9020850990226433,
          0.9763809782303711,
          2.7303162860548533,
          1.5269158541722345,
          0.9006447187890523,
          0.9009755264911531,
          0.9039741137366882
        ],
        [
          3.152891828992941,
          5.750129208831674,
          0.926324989066407,
          1.3531911662016882,
          0.917628537207201,
          0.90776778640799,
          1.260488655924393,
          2.8019207654423095,
          0.9088920861509515,
          0.9119176768132958,
          0.9106758824894787,
          0.9082928597029037,
          0.9201270683448275,
          3.2638099075535316,
          0.0,
          0.9786315858989726,
          1.4213554881657857,
          1.305709299573144,
          2.248595145919093,
          1.5073990102338233,
          0.9637458582668634,
          0.908076990470547,
          1.402276270559318,
          1.3816902094072219,
          0.913002885386784,
          2.5815163086941593,
          1.773950615854506,
          5.5553632148944025,
          1.1352234418951357,
          0.971520827425787,
          1.8683666527370026,
          1.449692222247345,
          0.9166172931140792,
          0.9574554580062057,
          1.0641758858857282,
          6.792290211013369,
          0.9819473631604864,
          1.3046010746124594,
          7.715222731822539,
          2.421467806286693,
          0.9096418298404945,
          0.9154885134450492,
          1.0255316902762592
        ],
        [
          0.9024105019400549,
          1.5740918900324,
          0.9004519451474993,
          0.8999144171148913,
          0.8996062092348011,
          0.9000967171057955,
          0.9005667378578318,
          0.9097273749260152,
          0.8988845072679447,
          0.8994369321217193,
          0.8994143842447458,
          0.8988431986400515,
          0.8998911302425022,
          2.0052234285234642,
          0.9786315858989726,
          0.0,
          0.9058617998516642,
          0.8996245847455334,
          0.8998811060312087,
          0.9030595074976183,
          0.9009496441688833,
          0.8994002083580732,
          0.8991278161182507,
          0.899264646847598,
          0.8995151495771774,
          0.9005689351877129,
          0.8996936947000991,
          0.902078473464687,
          0.9003203050094951,
          0.9011482323356101,
          0.8998135116742928,
          0.9009868008326896,
          0.9004983686592805,
          0.9102269071013017,
          0.912002597879844,
          1.2240349245863773,
          0.8992146167620485,
          0.9030717847995684,
          1.1406617841285844,
          1.0543079048850357,
          0.8989067280290601,
          0.8991865167915588,
          0.8999432567540222
        ],
        [
          0.9408655053548257,
          1.5288696613853476,
          0.9801418664399608,
          0.9029479956383886,
          0.9068239652225587,
          1.1437466680134267,
          1.179365743812318,
          1.4260767756653758,
          0.9017843509763213,
          1.1752566659079478,
          1.6876438551877035,
          0.9012208699066813,
          1.355381516829996,
          2.6148861303501927,
          1.4213554881657857,
          0.9058617998516642,
          0.0,
          0.9032581855248775,
          0.9037602754427053,
          0.9494235212857064,
          0.9035234120018626,
          0.9022904695906785,
          0.9027486496421198,
          0.9020564524133177,
          1.1556983698000713,
          1.0301296669671742,
          0.938561809743446,
          2.0727251925721824,
          0.9755974300116272,
          0.9016749122324836,
          0.9821543023023287,
          2.1100323102004857,
          0.9049546853854689,
          0.9142154444560314,
          0.9072767529485383,
          2.391102357438818,
          0.9024390598895683,
          0.9313293016725754,
          2.126124651454641,
          1.8226222752879715,
          0.9013920953426202,
          0.9017605675095004,
          0.9047330463694011
        ],
        [
          0.9025298389561942,
          1.333165221083012,
          0.9002346656765927,
          0.8999006414194759,
          0.8993786025837848,
          0.8991009689238767,
          0.9010082747315883,
          0.9042546424544559,
          0.899099108446659,
          0.8996206854742068,
          0.8997372177654543,
          0.8990736946247115,
          0.8999003219046586,
          0.9024498530715231,
          1.305709299573144,
          0.8996245847455334,
          0.9032581855248775,
          0.0,
          0.8999296306612284,
          0.9004011256919189,
          0.9002449531360884,
          0.8997500079439198,
          0.8994582678513825,
          0.8994934614586646,
          1.6762864121731686,
          0.9029349751068598,
          0.8999213865937099,
          0.9026516793378035,
          0.9009558901234209,
          0.8991259799495244,
          0.8999268583678923,
          0.9455464142748405,
          0.9005717644393576,
          0.9100852442664776,
          0.8994533748434943,
          1.44609091735957,
          0.8993852629507944,
          1.480508375131388,
          1.03051405788239,
          1.2491735162344588,
          0.8989813758943603,
          0.8992794651131972,
          0.9139285791429749
        ],
        [
          0.9037685511773123,
          1.0409297923181944,
          0.901224124748425,
          0.9003841963374831,
          0.8997625308714291,
          0.8992576631199372,
          0.9012825923431074,
          1.2104723733975427,
          0.8993950150190616,
          0.9000361574262985,
          0.8999927328521433,
          0.8991944779613813,
          0.9000637993207091,
          0.903362362011696,
          2.248595145919093,
          0.8998811060312087,
          0.9037602754427053,
          0.8999296306612284,
          0.0,
          1.3420883931578613,
          0.9009470935930356,
          0.8996198518581817,
          0.8997579030457543,
          0.899674471639728,
          0.9000958232993435,
          0.9023087397563722,
          0.90048372089968,
          0.9033207832680091,
          0.9011656203058623,
          0.8994794465376732,
          1.3012675308744799,
          1.183026688053516,
          0.9008793834694058,
          0.908772737213774,
          0.8998863378719022,
          1.115270634218515,
          0.9069871671483293,
          0.904882172078471,
          2.36301406808161,
          0.9093936900555621,
          0.8992116435848516,
          1.1336925093513994,
          0.9003448897094256
        ],
        [
          0.9053728760953879,
          1.0016792438405204,
          1.196358586253941,
          0.9970041447481256,
          0.9005900436651277,
          0.90210050162028,
          0.9912563676346241,
          1.0728489074899854,
          0.9040529444436888,
          0.9008238337071144,
          0.9210329490147963,
          0.8993279344031991,
          0.9009114467551761,
          1.366120313836897,
          1.5073990102338233,
          0.9030595074976183,
          0.9494235212857064,
          0.9004011256919189,
          1.3420883931578613,
          0.0,
          1.277613338114267,
          0.9000852024729353,
          0.9000170384033066,
          0.9001617156047164,
          0.9139965368611946,
          0.9056866329819163,
          1.8404441483380662,
          0.9052431384900343,
          0.9017512349928279,
          0.8997670166618248,
          0.9274021440865142,
          0.9181336616013198,
          0.9014985496726758,
          0.9105367395387213,
          0.9047600069550639,
          1.0449382238003364,
          0.9003084423288625,
          0.9074661199271581,
          2.616192321252699,
          1.2892691038677384,
          0.8993607745866758,
          0.9110104138712227,
          0.9010865345558267
        ],
        [
          0.9027350332173704,
          0.9997232650832739,
          0.9039293302486676,
          1.086237726265653,
          0.9005448915942197,
          0.8994354170736709,
          0.9015899201861459,
          1.1763212607583728,
          0.9071658019947584,
          0.9006339333802558,
          0.8999321371282699,
          0.899399656737809,
          0.900558771321928,
          0.9043003561913094,
          0.9637458582668634,
          0.9009496441688833,
          0.9035234120018626,
          0.9002449531360884,
          0.9009470935930356,
          1.277613338114267,
          0.0,
          0.9000894781700766,
          0.899739054833123,
          0.8997715602834796,
          0.9001174566537175,
          0.9014676584460753,
          0.9007742628656625,
          0.9025103326033554,
          0.9009125756088109,
          0.9002457744441603,
          0.9004650886519064,
          0.901540947772512,
          0.9012576775387638,
          0.91090980009541,
          0.8998032134978035,
          1.1898510203896886,
          0.9001786008329077,
          0.9070641322472368,
          0.9266778708316566,
          0.969327280860408,
          0.8993648266323757,
          0.8996895508041413,
          0.9004182699649695
        ],
        [
          0.9006358988398915,
          0.9018284449596247,
          0.8999066045276453,
          0.8997949218577422,
          0.8989168557948196,
          0.8991331875569485,
          0.9002528915671747,
          0.9017254273719202,
          0.8989703734205412,
          0.8995255041215239,
          0.8994845804859323,
          0.8992017252726743,
          0.8996735588890608,
          0.9010861373710795,
          0.908076990470547,
          0.8994002083580732,
          0.9022904695906785,
          0.8997500079439198,
          0.8996198518581817,
          0.9000852024729353,
          0.9000894781700766,
          0.0,
          0.8992243156398289,
          1.136458504585273,
          0.8997041952699505,
          0.8998865266282936,
          0.8997419383938079,
          0.9013139571352191,
          0.9003811794810493,
          0.8990195499406836,
          0.899977765845182,
          0.9007136597010892,
          0.90005275183394,
          0.910047910458262,
          0.8993768208059735,
          1.3563874024554314,
          0.8993251520969794,
          0.9025183071750003,
          0.9036579595009151,
          1.3478973600261392,
          0.8989382051539083,
          0.8992445330159743,
          0.8999014818165959
        ],
        [
          0.901662033596476,
          0.9302924955503896,
          0.8997766409261326,
          0.8996411567404787,
          0.8989137687569878,
          0.8987925336096622,
          0.9096583166610461,
          0.9019729898358058,
          0.898833249540825,
          0.8992729190118639,
          0.8992644540420615,
          0.8987244943749869,
          0.8993898275133513,
          0.9017579030045977,
          1.402276270559318,
          0.8991278161182507,
          0.9027486496421198,
          0.8994582678513825,
          0.8997579030457543,
          0.9000170384033066,
          0.899739054833123,
          0.8992243156398289,
          0.0,
          0.899164447413129,
          0.8994339241247191,
          1.2007457937604968,
          0.8995071889532331,
          0.9024460431572724,
          0.9001264955259021,
          0.8988570258462247,
          0.8995226331265097,
          0.9009618139786838,
          0.8998585197232379,
          0.9096357262428206,
          0.899240506958972,
          1.1757098892913702,
          0.8991116926314292,
          0.9020221066765903,
          0.9080128104812427,
          0.9020005043359429,
          0.8987350553079851,
          0.8990286113144118,
          0.8994643905815145
        ],
        [
          0.9008760729997739,
          0.9020196222440777,
          0.8998822167294012,
          0.8995432500569694,
          0.8987245120190174,
          0.898968638382606,
          0.9002092533916709,
          0.9019778455084065,
          0.8988341160119246,
          0.8992596722653252,
          0.8993769657393059,
          0.8989658799948596,
          0.8993566657203292,
          0.9011836775703334,
          1.3816902094072219,
          0.899264646847598,
          0.9020564524133177,
          0.8994934614586646,
          0.899674471639728,
          0.9001617156047164,
          0.8997715602834796,
          1.136458504585273,
          0.899164447413129,
          0.0,
          0.8995426719760637,
          0.9001177034163528,
          0.8995964575463969,
          0.9015859151208359,
          0.9003261111439165,
          0.8989231864385032,
          0.9013126878337195,
          0.9007283285267548,
          0.899812197270675,
          0.9097657525930697,
          0.8993226486481782,
          0.906716525822549,
          0.8991866789780623,
          0.9024113517540915,
          1.354054552436154,
          1.1537877594405521,
          0.8988066867001309,
          0.8991072393384894,
          0.8997255944791247
        ],
        [
          0.9013655547896329,
          0.9082637409316955,
          0.9272402116475764,
          0.8999632769269507,
          0.899266215221226,
          0.899307433626559,
          0.9850022673478348,
          0.9025737321014695,
          0.8992061569495652,
          0.899752808573095,
          1.0320637748626766,
          0.8991886375579117,
          0.8997345353072749,
          0.913098221893393,
          0.913002885386784,
          0.8995151495771774,
          1.1556983698000713,
          1.6762864121731686,
          0.9000958232993435,
          0.9139965368611946,
          0.9001174566537175,
          0.8997041952699505,
          0.8994339241247191,
          0.8995426719760637,
          0.0,
          0.9005012450409955,
          0.8997076735455487,
          0.9021090976028273,
          0.9007302976117717,
          0.8992488257525568,
          0.8998071416692813,
          1.0063786497432778,
          0.9003301995398484,
          0.9110435944567628,
          0.8996499347769804,
          0.9152322423574707,
          0.899557422240788,
          1.1815773714024558,
          0.9219705403410882,
          0.9143765932007094,
          0.8991669208540923,
          0.8994957250958948,
          0.9006208977163476
        ],
        [
          1.188535870699303,
          1.2131293063696733,
          0.9018917362098747,
          0.9009104139628392,
          0.9013475238688636,
          0.8994659678355703,
          0.903823751554076,
          0.9120177691083261,
          0.8996868240104997,
          0.9014974225182009,
          0.9022858240300082,
          0.899337058438339,
          1.0740415064676472,
          0.9237533701521903,
          2.5815163086941593,
          0.9005689351877129,
          1.0301296669671742,
          0.9029349751068598,
          0.9023087397563722,
          0.9056866329819163,
          0.9014676584460753,
          0.8998865266282936,
          1.2007457937604968,
          0.9001177034163528,
          0.9005012450409955,
          0.0,
          0.9622727906863352,
          1.2795251564299324,
          0.9043030045210061,
          0.8998298437043104,
          0.9009436738412567,
          1.098539904014405,
          0.9020365840684255,
          0.9097460404924929,
          0.9006329778521678,
          3.4592875772604765,
          0.9001755270032981,
          0.9420892590855697,
          3.2197340597551953,
          1.0847029897503448,
          0.8993921971248996,
          0.8996993380654832,
          0.9028926391020778
        ],
        [
          1.0213822594358182,
          0.9554437163319922,
          0.9008880895143222,
          0.9003073793798101,
          0.9119198571445728,
          0.8990236646576996,
          0.9048464316930087,
          0.9078864853408385,
          0.8990252925697351,
          0.8997021224965305,
          0.8996673708132937,
          0.8988628876014385,
          0.9000665672586619,
          0.9657170236421345,
          1.773950615854506,
          0.8996936947000991,
          0.938561809743446,
          0.8999213865937099,
          0.90048372089968,
          1.8404441483380662,
          0.9007742628656625,
          0.8997419383938079,
          0.8995071889532331,
          0.8995964575463969,
          0.8997076735455487,
          0.9622727906863352,
          0.0,
          0.9339940311850304,
          0.900961149055284,
          0.8990285022730725,
          0.9002583183396546,
          0.933261263712727,
          0.9003865905348286,
          0.9103259472682156,
          0.8998587607973485,
          1.6805791412598117,
          0.8993238515875193,
          0.9041921003969344,
          1.2259894811004717,
          1.549971923960503,
          0.8988170997784622,
          0.8991511414687268,
          0.90023980937716
        ],
        [
          0.950112956439091,
          1.4384163505021959,
          0.9034034652825543,
          0.9123154048126001,
          0.9028891604321599,
          0.9011145906216523,
          1.2773311134012373,
          1.385907146013586,
          0.9011604006438164,
          0.9027787803297793,
          0.9025530334035488,
          0.9008107612676858,
          0.944780659823205,
          0.9796024331217004,
          5.5553632148944025,
          0.902078473464687,
          2.0727251925721824,
          0.9026516793378035,
          0.9033207832680091,
          0.9052431384900343,
          0.9025103326033554,
          0.9013139571352191,
          0.9024460431572724,
          0.9015859151208359,
          0.9021090976028273,
          1.2795251564299324,
          0.9339940311850304,
          0.0,
          1.1051677498073096,
          0.901351243634889,
          0.9127812351811259,
          0.9388573789096016,
          0.9030083310244373,
          0.9106612059661199,
          0.9020720771259351,
          1.9727128712708373,
          0.9016043683889678,
          1.0068286795726042,
          1.7228068108963739,
          0.9662723685424047,
          0.9011599559089163,
          0.9013068938061272,
          1.22193341423397
        ],
        [
          0.9849467719024501,
          0.9154507614687525,
          0.901355555328113,
          0.9006757282385355,
          0.9006714729800482,
          0.8998439469731738,
          0.9021491146597634,
          0.9056836779462637,
          0.8999776595764419,
          0.90101109233657,
          0.9004643116134212,
          0.899732632284427,
          0.9018280003410536,
          0.9047957800453222,
          1.1352234418951357,
          0.9003203050094951,
          0.9755974300116272,
          0.9009558901234209,
          0.9011656203058623,
          0.9017512349928279,
          0.9009125756088109,
          0.9003811794810493,
          0.9001264955259021,
          0.9003261111439165,
          0.9007302976117717,
          0.9043030045210061,
          0.900961149055284,
          1.1051677498073096,
          0.0,
          0.8999756511124062,
          0.9008874402882531,
          0.9033977783226131,
          0.9014624693837173,
          0.9108072614452573,
          0.9004138976835057,
          1.4964982506337272,
          0.900287545152041,
          1.1249331077289018,
          1.1722097255236321,
          1.0211666239385948,
          0.899631309123234,
          0.8999375659203734,
          0.901571024083535
        ],
        [
          0.9008250676885791,
          1.2562844451262611,
          0.8999340071247988,
          0.8993330715216257,
          0.8987403966310434,
          0.89861526204158,
          0.9000261323237693,
          0.9174998971529211,
          0.8986141919493049,
          0.8990560483462355,
