Map from character to field name
A:	Argentina
B:	Australia
C:	Austria
D:	Bangladesh
E:	Belgium
F:	Brazil
G:	Bulgaria
H:	Cambodia
I:	Canada
J:	China
K:	Croatia
L:	Egypt
M:	England
N:	Finland
O:	France
P:	Germany
Q:	Ireland
R:	Israel
S:	Italy
T:	Japan
U:	Jordan
V:	Kenya
W:	Kuwait
X:	Macedonia
Y:	Madagascar
Z:	Mexico
[:	Mongolia
\:	Morocco
]:	Mozambique
^:	Netherlands
_:	Nicaragua
`:	Pakistan
a:	Peru
b:	Philippines
c:	Russia
d:	Senegal
e:	Slovakia
f:	Spain
g:	Taiwan
h:	Thailand
i:	USA
j:	United Kingdom
k:	Vietnam
l:	Zambia
m:	?


Substitution rate (mu): 171.342581

Equilibrium frequencies (pi_i):
  A: 0.0189
  B: 0.0093
  C: 0.0259
  D: 0.0263
  E: 0.0262
  F: 0.0167
  G: 0.0265
  H: 0.0278
  I: 0.0242
  J: 0.0183
  K: 0.0268
  L: 0.0279
  M: 0.0277
  N: 0.0232
  O: 0.0206
  P: 0.0152
  Q: 0.0255
  R: 0.0267
  S: 0.02
  T: 0.0214
  U: 0.0238
  V: 0.0225
  W: 0.0267
  X: 0.0266
  Y: 0.0259
  Z: 0.0258
  [: 0.0276
  \: 0.0189
  ]: 0.0214
  ^: 0.0178
  _: 0.0248
  `: 0.0271
  a: 0.0233
  b: 0.0196
  c: 0.0201
  d: 0.0267
  e: 0.0279
  f: 0.0108
  g: 0.025
  h: 0.025
  i: 0.0153
  j: 0.0114
  k: 0.0241
  l: 0.0266

Symmetrized rates from j->i (W_ij):
	A	B	C	D	E	F	G	H	I	J	K	L	M	N	O	P	Q	R	S	T	U	V	W	X	Y	Z	[	\	]	^	_	`	a	b	c	d	e	f	g	h	i	j	k	l
  A	0	4.8427	0.9153	0.9129	0.9134	2.0712	0.9136	0.9192	1.0977	1.0169	0.9132	0.9136	0.9238	0.9167	0.9233	2.5716	0.9184	0.9129	0.919	1.5523	0.9153	0.9239	0.9155	0.9138	1.0595	0.9149	0.9162	1.4795	1.0491	0.9341	0.9163	0.9138	1.0164	1.0783	0.9175	0.9145	0.9179	2.7207	0.9147	0.9162	1.9022	1.7308	0.9483	0.9152
  B	4.8427	0	1.1042	0.9153	0.9172	4.0998	0.9203	1.1621	2.6226	5.8382	0.9178	1.0091	1.1163	3.1007	3.0763	7.7135	1.1349	0.9161	3.5703	4.0263	1.1982	2.1026	1.1134	0.9176	1.6305	0.9246	1.5061	4.1597	3.1453	3.9463	1.9447	1.3691	0.9305	4.921	4.2006	1.0091	0.9237	13.3044	2.0341	1.7805	6.7818	10.983	1.9098	1.3197
  C	0.9153	1.1042	0	0.9124	0.9127	0.9247	0.9475	0.9204	0.9135	0.9144	0.9128	0.9129	0.9127	0.9188	1.7596	1.2692	0.9131	0.9126	1.1153	0.9137	0.9131	0.9146	0.9144	0.9128	0.9124	0.9133	0.9136	0.9146	0.9135	0.9168	0.913	1.3591	0.9138	1.3113	0.9648	0.9134	0.9198	1.8061	0.9131	0.9136	1.0837	1.4852	0.9141	0.9131
  D	0.9129	0.9153	0.9124	0	0.9119	0.9129	0.9119	0.9197	0.9124	0.9127	0.9119	0.9122	0.912	0.9127	0.9137	0.9224	0.9119	0.9117	0.9129	0.9125	0.9119	0.9128	0.9128	0.912	0.9118	0.9123	0.9128	0.913	0.912	0.9144	0.9122	0.9123	0.9126	0.9117	0.9125	0.9121	0.9187	0.9126	0.9123	0.9124	1.8328	0.9138	0.9128	0.9123
  E	0.9134	0.9172	0.9127	0.9119	0	0.9134	0.9122	0.9199	0.9125	0.9128	0.9123	0.9124	0.9121	0.9129	0.9143	1.5361	0.9183	0.914	0.9144	0.9126	0.9145	0.9136	0.9131	0.9121	0.9119	0.9127	0.913	0.9133	0.9124	0.9447	0.9123	0.9124	0.9129	0.9118	0.9128	0.9122	0.9188	0.913	0.9124	0.9126	0.9129	1.6751	0.9294	0.9124
  F	2.0712	4.0998	0.9247	0.9129	0.9134	0	0.9138	0.9191	0.9152	0.9188	0.9135	0.9144	0.9135	1.1571	1.666	2.2091	1.3743	0.9132	0.9229	1.1043	0.9182	1.14	0.9157	0.914	0.9134	1.526	1.1075	0.9208	0.9508	1.4341	1.2257	0.914	0.9729	1.3166	0.9768	0.9793	1.3747	4.2448	0.9154	1.0846	2.8491	1.3996	0.9169	0.9155
  G	0.9136	0.9203	0.9475	0.9119	0.9122	0.9138	0	0.9202	0.9127	0.9133	0.9122	0.9124	0.9122	0.9133	0.9642	1.1268	0.9126	0.913	0.9445	0.9127	0.9127	0.9139	0.9132	0.9121	0.912	0.9128	0.9131	0.9134	0.9126	0.9162	0.9124	0.9127	0.913	0.912	1.0936	0.9124	0.9191	1.3726	0.9125	0.9128	0.9172	1.9888	0.9133	0.9126
  H	0.9192	1.1621	0.9204	0.9197	0.9199	0.9191	0.9202	0	0.9212	1.0207	0.9203	0.9208	0.9206	0.9476	0.9236	0.931	0.9196	0.919	0.9451	0.9207	0.9194	0.9205	0.921	0.92	0.9202	0.9201	0.9217	0.9194	0.9193	0.9217	0.9203	0.9208	0.9193	0.9198	0.9201	0.9203	1.2612	0.9198	0.9209	0.9207	0.9215	0.9847	0.921	0.9206
  I	1.0977	2.6226	0.9135	0.9124	0.9125	0.9152	0.9127	0.9212	0	0.9194	0.9126	0.9132	1.1723	1.5836	0.9845	0.9264	0.9128	0.9124	1.1679	0.9148	0.9127	0.9142	0.9137	0.9126	0.9127	0.913	0.914	0.9149	0.9134	0.9166	0.9134	0.913	0.9131	0.9701	1.0952	0.9131	0.9199	0.9174	0.9137	0.9134	0.9153	0.922	0.9142	0.9135
  J	1.0169	5.8382	0.9144	0.9127	0.9128	0.9188	0.9133	1.0207	0.9194	0	0.9132	0.9142	0.9131	0.9772	1.4338	0.9309	0.914	0.9128	1.0534	1.0241	0.9137	0.9161	0.915	0.913	0.913	0.9134	1.3517	0.9175	0.9154	0.9632	0.9147	0.9139	0.9144	0.972	0.9213	0.914	0.9187	1.1718	0.979	1.189	1.5999	1.3799	1.1967	0.9146
  K	0.9132	0.9178	0.9128	0.9119	0.9123	0.9135	0.9122	0.9203	0.9126	0.9132	0	0.9124	0.9121	0.913	0.9146	0.9238	0.9129	0.9155	0.9648	0.9127	0.9123	0.9132	0.913	0.9121	0.9119	0.9125	0.913	0.9132	0.9123	0.9152	0.9124	0.9125	0.9128	0.9119	0.913	0.9123	0.9192	1.3635	0.9124	0.9127	1.035	1.6988	0.913	0.9125
  L	0.9136	1.0091	0.9129	0.9122	0.9124	0.9144	0.9124	0.9208	0.9132	0.9142	0.9124	0	0.9125	0.9136	0.9145	0.926	0.9126	0.9122	0.9136	0.9134	0.9125	0.9139	0.9133	0.9124	0.9124	0.9132	1.2412	0.914	0.9128	1.0834	0.913	0.9128	0.9131	0.9126	0.9137	0.9126	0.9196	0.9137	0.913	0.9129	0.9126	0.921	0.9137	0.9131
  M	0.9238	1.1163	0.9127	0.912	0.9121	0.9135	0.9122	0.9206	1.1723	0.9131	0.9121	0.9125	0	1.2608	0.915	0.9253	0.9122	0.912	0.9132	0.913	0.9122	0.9132	0.913	0.9122	0.9121	0.9126	0.9132	0.9524	0.9124	0.9148	0.9124	0.9125	0.9126	0.912	0.913	0.9123	0.9194	1.1239	0.9126	0.9126	0.9136	0.9143	0.9132	0.9127
  N	0.9167	3.1007	0.9188	0.9127	0.9129	1.1571	0.9133	0.9476	1.5836	0.9772	0.913	0.9136	1.2608	0	1.6937	0.9303	0.9134	0.9127	1.0674	1.0379	0.9133	0.9156	0.9148	0.9129	0.913	0.9136	0.9149	0.9747	0.9145	0.9191	0.914	0.9135	0.9136	0.9138	0.9185	0.9142	0.9206	1.1226	0.934	0.9142	0.9208	1.4081	0.9767	0.914
  O	0.9233	3.0763	1.7596	0.9137	0.9143	1.666	0.9642	0.9236	0.9845	1.4338	0.9146	0.9145	0.915	1.6937	0	1.9869	0.9224	0.914	1.3244	1.1011	0.9158	1.0662	1.0872	0.9146	0.9141	0.9154	0.9161	1.1685	0.9176	0.9284	0.9159	0.9199	0.9168	0.917	1.0854	1.8619	1.6494	3.4894	0.9466	1.0477	2.653	2.6398	1.0115	0.9157
  P	2.5716	7.7135	1.2692	0.9224	1.5361	2.2091	1.1268	0.931	0.9264	0.9309	0.9238	0.926	0.9253	0.9303	1.9869	0	1.029	0.9228	1.4085	0.9724	2.154	2.9278	1.0827	1.2075	0.9272	2.5812	0.9894	2.0191	1.9591	5.6161	0.9315	0.9255	2.3451	0.9269	1.0513	0.9275	0.9333	4.2137	0.9266	1.1508	2.7015	7.7494	1.866	0.9309
  Q	0.9184	1.1349	0.9131	0.9119	0.9183	1.3743	0.9126	0.9196	0.9128	0.914	0.9129	0.9126	0.9122	0.9134	0.9224	1.029	0	0.9153	0.9164	0.9131	0.9129	0.9146	0.9137	0.9122	0.9121	0.9129	0.9134	0.9138	0.913	0.9164	0.9128	0.9129	0.9132	0.9122	0.9136	0.9127	0.9183	1.2512	0.9127	1.245	0.9166	3.0309	0.9135	0.9128
  R	0.9129	0.9161	0.9126	0.9117	0.914	0.9132	0.913	0.919	0.9124	0.9128	0.9155	0.9122	0.912	0.9127	0.914	0.9228	0.9153	0	0.921	0.9124	0.9122	0.9131	0.9141	0.912	0.9118	0.9124	0.9127	0.913	0.9121	0.9147	0.9122	0.9133	0.9127	0.9117	0.9128	0.9121	0.9179	0.9128	0.9122	0.9126	0.9201	2.2804	0.9129	0.9123
  S	0.919	3.5703	1.1153	0.9129	0.9144	0.9229	0.9445	0.9451	1.1679	1.0534	0.9648	0.9136	0.9132	1.0674	1.3244	1.4085	0.9164	0.921	0	0.9163	0.914	0.9165	0.9153	0.9133	0.9129	0.9137	0.9151	0.9842	0.9153	1.313	0.9145	0.916	1.2625	0.93	1.0807	0.9143	0.9199	3.3167	0.9143	0.9165	2.5366	3.0857	0.9157	0.9148
  T	1.5523	4.0263	0.9137	0.9125	0.9126	1.1043	0.9127	0.9207	0.9148	1.0241	0.9127	0.9134	0.913	1.0379	1.1011	0.9724	0.9131	0.9124	0.9163	0	0.9131	0.9154	0.9147	0.9128	0.913	0.9133	0.9148	1.1007	1.1522	0.9182	0.9142	0.9133	0.9134	0.9145	0.9154	0.9136	0.9195	0.9316	0.96	0.9142	1.1905	0.9453	1.0475	0.9139
  U	0.9153	1.1982	0.9131	0.9119	0.9145	0.9182	0.9127	0.9194	0.9127	0.9137	0.9123	0.9125	0.9122	0.9133	0.9158	2.154	0.9129	0.9122	0.914	0.9131	0	0.9152	0.9137	0.9123	0.912	1.1147	0.9135	0.9144	0.9133	0.957	0.9127	0.9128	0.9136	0.9121	0.9139	0.9125	0.9183	0.9233	0.9126	0.913	0.9168	2.8833	0.9174	0.9127
  V	0.9239	2.1026	0.9146	0.9128	0.9136	1.14	0.9139	0.9205	0.9142	0.9161	0.9132	0.9139	0.9132	0.9156	1.0662	2.9278	0.9146	0.9131	0.9165	0.9154	0.9152	0	0.9151	0.9134	0.9132	0.915	0.9327	1.0555	0.9167	1.5034	0.9663	0.9138	0.9167	0.9146	0.9165	1.0334	0.9198	0.9812	0.914	0.9146	0.9271	2.2285	0.9172	0.9145
  W	0.9155	1.1134	0.9144	0.9128	0.9131	0.9157	0.9132	0.921	0.9137	0.915	0.913	0.9133	0.913	0.9148	1.0872	1.0827	0.9137	0.9141	0.9153	0.9147	0.9137	0.9151	0	0.913	0.9129	0.9136	0.914	0.915	0.9138	0.9177	0.9135	1.243	0.914	0.9132	0.9148	0.9136	0.9204	0.9221	0.9135	0.9138	1.055	1.1634	0.9145	0.9134
  X	0.9138	0.9176	0.9128	0.912	0.9121	0.914	0.9121	0.92	0.9126	0.913	0.9121	0.9124	0.9122	0.9129	0.9146	1.2075	0.9122	0.912	0.9133	0.9128	0.9123	0.9134	0.913	0	0.912	0.9128	0.913	0.9135	0.9127	0.9155	0.9124	0.9124	0.9135	0.912	0.9127	0.9122	0.919	1.3556	0.9124	0.9127	1.2005	0.9173	0.9132	0.9125
  Y	1.0595	1.6305	0.9124	0.9118	0.9119	0.9134	0.912	0.9202	0.9127	0.913	0.9119	0.9124	0.9121	0.913	0.9141	0.9272	0.9121	0.9118	0.9129	0.913	0.912	0.9132	0.9129	0.912	0	0.9124	0.9131	0.9162	0.9228	0.9148	0.9124	0.9123	0.9125	0.9119	0.9127	0.9122	0.919	0.9182	0.9125	0.9124	0.914	0.9517	0.913	0.9125
  Z	0.9149	0.9246	0.9133	0.9123	0.9127	1.526	0.9128	0.9201	0.913	0.9134	0.9125	0.9132	0.9126	0.9136	0.9154	2.5812	0.9129	0.9124	0.9137	0.9133	1.1147	0.915	0.9136	0.9128	0.9124	0	1.2621	0.9143	0.9133	1.0651	0.9131	0.9128	0.914	0.9124	0.9135	0.9128	0.9192	0.9166	0.9129	0.9133	0.9143	0.9878	0.9155	0.913
  [	0.9162	1.5061	0.9136	0.9128	0.913	1.1075	0.9131	0.9217	0.914	1.3517	0.913	1.2412	0.9132	0.9149	0.9161	0.9894	0.9134	0.9127	0.9151	0.9148	0.9135	0.9327	0.914	0.913	0.9131	1.2621	0	0.9664	0.914	1.3948	0.9141	0.9135	0.9141	0.9138	0.9152	0.9133	0.9205	0.9293	0.914	0.9139	0.9159	0.9305	0.9149	0.9142
  \	1.4795	4.1597	0.9146	0.913	0.9133	0.9208	0.9134	0.9194	0.9149	0.9175	0.9132	0.914	0.9524	0.9747	1.1685	2.0191	0.9138	0.913	0.9842	1.1007	0.9144	1.0555	0.915	0.9135	0.9162	0.9143	0.9664	0	1.2571	1.0106	0.9145	0.9137	0.9158	0.9147	0.9164	0.9141	0.9186	1.4782	0.9142	0.9146	1.3452	1.519	0.9453	0.9913
  ]	1.0491	3.1453	0.9135	0.912	0.9124	0.9508	0.9126	0.9193	0.9134	0.9154	0.9123	0.9128	0.9124	0.9145	0.9176	1.9591	0.913	0.9121	0.9153	1.1522	0.9133	0.9167	0.9138	0.9127	0.9228	0.9133	0.914	1.2571	0	0.9188	1.1518	0.9128	0.9138	0.9153	0.9147	0.9128	0.9182	2.3155	0.9132	0.9137	1.0553	1.2019	0.9146	0.9135
  ^	0.9341	3.9463	0.9168	0.9144	0.9447	1.4341	0.9162	0.9217	0.9166	0.9632	0.9152	1.0834	0.9148	0.9191	0.9284	5.6161	0.9164	0.9147	1.313	0.9182	0.957	1.5034	0.9177	0.9155	0.9148	1.0651	1.3948	1.0106	0.9188	0	1.043	0.9159	1.6545	0.9169	1.2498	0.9164	0.9206	1.6435	0.9675	0.9176	2.0451	3.4711	1.2187	1.0951
  _	0.9163	1.9447	0.913	0.9122	0.9123	1.2257	0.9124	0.9203	0.9134	0.9147	0.9124	0.913	0.9124	0.914	0.9159	0.9315	0.9128	0.9122	0.9145	0.9142	0.9127	0.9663	0.9135	0.9124	0.9124	0.9131	0.9141	0.9145	1.1518	1.043	0	0.9129	0.9133	0.9152	0.9143	0.9129	0.9193	0.9207	0.9131	0.9132	1.1398	1.16	0.9138	0.9132
  `	0.9138	1.3691	1.3591	0.9123	0.9124	0.914	0.9127	0.9208	0.913	0.9139	0.9125	0.9128	0.9125	0.9135	0.9199	0.9255	0.9129	0.9133	0.916	0.9133	0.9128	0.9138	1.243	0.9124	0.9123	0.9128	0.9135	0.9137	0.9128	0.9159	0.9129	0	0.9131	0.9125	0.9211	0.9127	0.9198	0.9217	0.9129	0.913	1.0092	1.0718	0.9136	0.9129
  a	1.0164	0.9305	0.9138	0.9126	0.9129	0.9729	0.913	0.9193	0.9131	0.9144	0.9128	0.9131	0.9126	0.9136	0.9168	2.3451	0.9132	0.9127	1.2625	0.9134	0.9136	0.9167	0.914	0.9135	0.9125	0.914	0.9141	0.9158	0.9138	1.6545	0.9133	0.9131	0	0.9128	0.9144	1.3715	0.9187	1.3873	0.913	0.9136	2.519	1.2336	0.9148	0.9132
  b	1.0783	4.921	1.3113	0.9117	0.9118	1.3166	0.912	0.9198	0.9701	0.972	0.9119	0.9126	0.912	0.9138	0.917	0.9269	0.9122	0.9117	0.93	0.9145	0.9121	0.9146	0.9132	0.912	0.9119	0.9124	0.9138	0.9147	0.9153	0.9169	0.9152	0.9125	0.9128	0	1.1107	0.9126	0.9185	1.1148	0.9132	0.9132	1.8664	0.9244	0.9137	0.9131
  c	0.9175	4.2006	0.9648	0.9125	0.9128	0.9768	1.0936	0.9201	1.0952	0.9213	0.913	0.9137	0.913	0.9185	1.0854	1.0513	0.9136	0.9128	1.0807	0.9154	0.9139	0.9165	0.9148	0.9127	0.9127	0.9135	0.9152	0.9164	0.9147	1.2498	0.9143	0.9211	0.9144	1.1107	0	0.9138	0.9186	1.3896	0.9874	0.9144	1.1912	2.2466	0.921	0.9536
  d	0.9145	1.0091	0.9134	0.9121	0.9122	0.9793	0.9124	0.9203	0.9131	0.914	0.9123	0.9126	0.9123	0.9142	1.8619	0.9275	0.9127	0.9121	0.9143	0.9136	0.9125	1.0334	0.9136	0.9122	0.9122	0.9128	0.9133	0.9141	0.9128	0.9164	0.9129	0.9127	1.3715	0.9126	0.9138	0	0.9196	1.3777	0.9129	0.9131	1.0679	1.2188	0.9136	0.9128
  e	0.9179	0.9237	0.9198	0.9187	0.9188	1.3747	0.9191	1.2612	0.9199	0.9187	0.9192	0.9196	0.9194	0.9206	1.6494	0.9333	0.9183	0.9179	0.9199	0.9195	0.9183	0.9198	0.9204	0.919	0.919	0.9192	0.9205	0.9186	0.9182	0.9206	0.9193	0.9198	0.9187	0.9185	0.9186	0.9196	0	0.9195	0.9196	0.9197	1.2178	1.4138	0.9199	0.9194
  f	2.7207	13.3044	1.8061	0.9126	0.913	4.2448	1.3726	0.9198	0.9174	1.1718	1.3635	0.9137	1.1239	1.1226	3.4894	4.2137	1.2512	0.9128	3.3167	0.9316	0.9233	0.9812	0.9221	1.3556	0.9182	0.9166	0.9293	1.4782	2.3155	1.6435	0.9207	0.9217	1.3873	1.1148	1.3896	1.3777	0.9195	0	0.9202	1.3608	8.2268	5.0997	0.9264	1.2027
  g	0.9147	2.0341	0.9131	0.9123	0.9124	0.9154	0.9125	0.9209	0.9137	0.979	0.9124	0.913	0.9126	0.934	0.9466	0.9266	0.9127	0.9122	0.9143	0.96	0.9126	0.914	0.9135	0.9124	0.9125	0.9129	0.914	0.9142	0.9132	0.9675	0.9131	0.9129	0.913	0.9132	0.9874	0.9129	0.9196	0.9202	0	0.9133	0.9149	0.9196	1.0013	0.9133
  h	0.9162	1.7805	0.9136	0.9124	0.9126	1.0846	0.9128	0.9207	0.9134	1.189	0.9127	0.9129	0.9126	0.9142	1.0477	1.1508	1.245	0.9126	0.9165	0.9142	0.913	0.9146	0.9138	0.9127	0.9124	0.9133	0.9139	0.9146	0.9137	0.9176	0.9132	0.913	0.9136	0.9132	0.9144	0.9131	0.9197	1.3608	0.9133	0	1.1511	1.2781	0.9141	0.9132
  i	1.9022	6.7818	1.0837	1.8328	0.9129	2.8491	0.9172	0.9215	0.9153	1.5999	1.035	0.9126	0.9136	0.9208	2.653	2.7015	0.9166	0.9201	2.5366	1.1905	0.9168	0.9271	1.055	1.2005	0.914	0.9143	0.9159	1.3452	1.0553	2.0451	1.1398	1.0092	2.519	1.8664	1.1912	1.0679	1.2178	8.2268	0.9149	1.1511	0	9.5486	0.9618	0.9158
  j	1.7308	10.983	1.4852	0.9138	1.6751	1.3996	1.9888	0.9847	0.922	1.3799	1.6988	0.921	0.9143	1.4081	2.6398	7.7494	3.0309	2.2804	3.0857	0.9453	2.8833	2.2285	1.1634	0.9173	0.9517	0.9878	0.9305	1.519	1.2019	3.4711	1.16	1.0718	1.2336	0.9244	2.2466	1.2188	1.4138	5.0997	0.9196	1.2781	9.5486	0	1.522	0.9421
  k	0.9483	1.9098	0.9141	0.9128	0.9294	0.9169	0.9133	0.921	0.9142	1.1967	0.913	0.9137	0.9132	0.9767	1.0115	1.866	0.9135	0.9129	0.9157	1.0475	0.9174	0.9172	0.9145	0.9132	0.913	0.9155	0.9149	0.9453	0.9146	1.2187	0.9138	0.9136	0.9148	0.9137	0.921	0.9136	0.9199	0.9264	1.0013	0.9141	0.9618	1.522	0	0.914
  l	0.9152	1.3197	0.9131	0.9123	0.9124	0.9155	0.9126	0.9206	0.9135	0.9146	0.9125	0.9131	0.9127	0.914	0.9157	0.9309	0.9128	0.9123	0.9148	0.9139	0.9127	0.9145	0.9134	0.9125	0.9125	0.913	0.9142	0.9913	0.9135	1.0951	0.9132	0.9129	0.9132	0.9131	0.9536	0.9128	0.9194	1.2027	0.9133	0.9132	0.9158	0.9421	0.914	0

Actual rates from j->i (Q_ij):
	A	B	C	D	E	F	G	H	I	J	K	L	M	N	O	P	Q	R	S	T	U	V	W	X	Y	Z	[	\	]	^	_	`	a	b	c	d	e	f	g	h	i	j	k	l
  A	0	0.0916	0.0173	0.0173	0.0173	0.0392	0.0173	0.0174	0.0208	0.0192	0.0173	0.0173	0.0175	0.0173	0.0175	0.0487	0.0174	0.0173	0.0174	0.0294	0.0173	0.0175	0.0173	0.0173	0.02	0.0173	0.0173	0.028	0.0199	0.0177	0.0173	0.0173	0.0192	0.0204	0.0174	0.0173	0.0174	0.0515	0.0173	0.0173	0.036	0.0327	0.0179	0.0173
  B	0.0449	0	0.0102	0.0085	0.0085	0.038	0.0085	0.0108	0.0243	0.0542	0.0085	0.0094	0.0104	0.0288	0.0285	0.0716	0.0105	0.0085	0.0331	0.0374	0.0111	0.0195	0.0103	0.0085	0.0151	0.0086	0.014	0.0386	0.0292	0.0366	0.018	0.0127	0.0086	0.0456	0.039	0.0094	0.0086	0.1234	0.0189	0.0165	0.0629	0.1019	0.0177	0.0122
  C	0.0237	0.0286	0	0.0236	0.0236	0.0239	0.0245	0.0238	0.0236	0.0237	0.0236	0.0236	0.0236	0.0238	0.0455	0.0328	0.0236	0.0236	0.0289	0.0236	0.0236	0.0237	0.0237	0.0236	0.0236	0.0236	0.0236	0.0237	0.0236	0.0237	0.0236	0.0352	0.0236	0.0339	0.025	0.0236	0.0238	0.0467	0.0236	0.0236	0.028	0.0384	0.0236	0.0236
  D	0.024	0.024	0.024	0	0.0239	0.024	0.0239	0.0242	0.024	0.024	0.0239	0.024	0.024	0.024	0.024	0.0242	0.0239	0.0239	0.024	0.024	0.0239	0.024	0.024	0.024	0.0239	0.024	0.024	0.024	0.024	0.024	0.024	0.024	0.024	0.0239	0.024	0.024	0.0241	0.024	0.024	0.024	0.0481	0.024	0.024	0.024
  E	0.0239	0.024	0.0239	0.0239	0	0.0239	0.0239	0.0241	0.0239	0.0239	0.0239	0.0239	0.0239	0.0239	0.024	0.0403	0.0241	0.024	0.024	0.0239	0.024	0.024	0.0239	0.0239	0.0239	0.0239	0.0239	0.0239	0.0239	0.0248	0.0239	0.0239	0.0239	0.0239	0.0239	0.0239	0.0241	0.0239	0.0239	0.0239	0.0239	0.0439	0.0244	0.0239
  F	0.0346	0.0685	0.0155	0.0153	0.0153	0	0.0153	0.0154	0.0153	0.0154	0.0153	0.0153	0.0153	0.0193	0.0278	0.0369	0.023	0.0153	0.0154	0.0185	0.0153	0.019	0.0153	0.0153	0.0153	0.0255	0.0185	0.0154	0.0159	0.024	0.0205	0.0153	0.0163	0.022	0.0163	0.0164	0.023	0.0709	0.0153	0.0181	0.0476	0.0234	0.0153	0.0153
  G	0.0242	0.0244	0.0251	0.0242	0.0242	0.0242	0	0.0244	0.0242	0.0242	0.0242	0.0242	0.0242	0.0242	0.0256	0.0299	0.0242	0.0242	0.0251	0.0242	0.0242	0.0242	0.0242	0.0242	0.0242	0.0242	0.0242	0.0242	0.0242	0.0243	0.0242	0.0242	0.0242	0.0242	0.029	0.0242	0.0244	0.0364	0.0242	0.0242	0.0243	0.0528	0.0242	0.0242
  H	0.0255	0.0323	0.0256	0.0256	0.0256	0.0255	0.0256	0	0.0256	0.0284	0.0256	0.0256	0.0256	0.0263	0.0257	0.0259	0.0256	0.0255	0.0263	0.0256	0.0256	0.0256	0.0256	0.0256	0.0256	0.0256	0.0256	0.0256	0.0255	0.0256	0.0256	0.0256	0.0255	0.0256	0.0256	0.0256	0.0351	0.0256	0.0256	0.0256	0.0256	0.0274	0.0256	0.0256
  I	0.0266	0.0635	0.0221	0.0221	0.0221	0.0222	0.0221	0.0223	0	0.0223	0.0221	0.0221	0.0284	0.0383	0.0238	0.0224	0.0221	0.0221	0.0283	0.0221	0.0221	0.0221	0.0221	0.0221	0.0221	0.0221	0.0221	0.0221	0.0221	0.0222	0.0221	0.0221	0.0221	0.0235	0.0265	0.0221	0.0223	0.0222	0.0221	0.0221	0.0222	0.0223	0.0221	0.0221
  J	0.0186	0.1069	0.0167	0.0167	0.0167	0.0168	0.0167	0.0187	0.0168	0	0.0167	0.0167	0.0167	0.0179	0.0262	0.017	0.0167	0.0167	0.0193	0.0187	0.0167	0.0168	0.0167	0.0167	0.0167	0.0167	0.0247	0.0168	0.0168	0.0176	0.0167	0.0167	0.0167	0.0178	0.0169	0.0167	0.0168	0.0214	0.0179	0.0218	0.0293	0.0253	0.0219	0.0167
  K	0.0245	0.0246	0.0245	0.0244	0.0245	0.0245	0.0244	0.0247	0.0245	0.0245	0	0.0245	0.0244	0.0245	0.0245	0.0248	0.0245	0.0245	0.0259	0.0245	0.0245	0.0245	0.0245	0.0244	0.0244	0.0245	0.0245	0.0245	0.0245	0.0245	0.0245	0.0245	0.0245	0.0244	0.0245	0.0245	0.0246	0.0365	0.0245	0.0245	0.0277	0.0455	0.0245	0.0245
  L	0.0255	0.0282	0.0255	0.0255	0.0255	0.0256	0.0255	0.0257	0.0255	0.0256	0.0255	0	0.0255	0.0255	0.0256	0.0259	0.0255	0.0255	0.0255	0.0255	0.0255	0.0255	0.0255	0.0255	0.0255	0.0255	0.0347	0.0255	0.0255	0.0303	0.0255	0.0255	0.0255	0.0255	0.0255	0.0255	0.0257	0.0255	0.0255	0.0255	0.0255	0.0257	0.0255	0.0255
  M	0.0256	0.0309	0.0253	0.0253	0.0253	0.0253	0.0253	0.0255	0.0325	0.0253	0.0253	0.0253	0	0.035	0.0254	0.0257	0.0253	0.0253	0.0253	0.0253	0.0253	0.0253	0.0253	0.0253	0.0253	0.0253	0.0253	0.0264	0.0253	0.0254	0.0253	0.0253	0.0253	0.0253	0.0253	0.0253	0.0255	0.0312	0.0253	0.0253	0.0253	0.0253	0.0253	0.0253
  N	0.0213	0.072	0.0213	0.0212	0.0212	0.0269	0.0212	0.022	0.0368	0.0227	0.0212	0.0212	0.0293	0	0.0393	0.0216	0.0212	0.0212	0.0248	0.0241	0.0212	0.0213	0.0212	0.0212	0.0212	0.0212	0.0212	0.0226	0.0212	0.0213	0.0212	0.0212	0.0212	0.0212	0.0213	0.0212	0.0214	0.0261	0.0217	0.0212	0.0214	0.0327	0.0227	0.0212
  O	0.0191	0.0635	0.0363	0.0189	0.0189	0.0344	0.0199	0.0191	0.0203	0.0296	0.0189	0.0189	0.0189	0.035	0	0.041	0.019	0.0189	0.0273	0.0227	0.0189	0.022	0.0224	0.0189	0.0189	0.0189	0.0189	0.0241	0.0189	0.0192	0.0189	0.019	0.0189	0.0189	0.0224	0.0384	0.0341	0.0721	0.0195	0.0216	0.0548	0.0545	0.0209	0.0189
  P	0.0391	0.1174	0.0193	0.014	0.0234	0.0336	0.0171	0.0142	0.0141	0.0142	0.0141	0.0141	0.0141	0.0142	0.0302	0	0.0157	0.014	0.0214	0.0148	0.0328	0.0446	0.0165	0.0184	0.0141	0.0393	0.0151	0.0307	0.0298	0.0855	0.0142	0.0141	0.0357	0.0141	0.016	0.0141	0.0142	0.0641	0.0141	0.0175	0.0411	0.1179	0.0284	0.0142
  Q	0.0234	0.0289	0.0232	0.0232	0.0234	0.035	0.0232	0.0234	0.0232	0.0233	0.0232	0.0232	0.0232	0.0233	0.0235	0.0262	0	0.0233	0.0233	0.0232	0.0232	0.0233	0.0233	0.0232	0.0232	0.0232	0.0233	0.0233	0.0232	0.0233	0.0232	0.0232	0.0232	0.0232	0.0233	0.0232	0.0234	0.0319	0.0232	0.0317	0.0233	0.0772	0.0233	0.0232
  R	0.0244	0.0245	0.0244	0.0244	0.0244	0.0244	0.0244	0.0246	0.0244	0.0244	0.0245	0.0244	0.0244	0.0244	0.0244	0.0247	0.0245	0	0.0246	0.0244	0.0244	0.0244	0.0244	0.0244	0.0244	0.0244	0.0244	0.0244	0.0244	0.0244	0.0244	0.0244	0.0244	0.0244	0.0244	0.0244	0.0245	0.0244	0.0244	0.0244	0.0246	0.0609	0.0244	0.0244
  S	0.0183	0.0713	0.0223	0.0182	0.0183	0.0184	0.0189	0.0189	0.0233	0.021	0.0193	0.0182	0.0182	0.0213	0.0264	0.0281	0.0183	0.0184	0	0.0183	0.0182	0.0183	0.0183	0.0182	0.0182	0.0182	0.0183	0.0196	0.0183	0.0262	0.0183	0.0183	0.0252	0.0186	0.0216	0.0183	0.0184	0.0662	0.0183	0.0183	0.0506	0.0616	0.0183	0.0183
  T	0.0332	0.086	0.0195	0.0195	0.0195	0.0236	0.0195	0.0197	0.0195	0.0219	0.0195	0.0195	0.0195	0.0222	0.0235	0.0208	0.0195	0.0195	0.0196	0	0.0195	0.0196	0.0195	0.0195	0.0195	0.0195	0.0195	0.0235	0.0246	0.0196	0.0195	0.0195	0.0195	0.0195	0.0196	0.0195	0.0196	0.0199	0.0205	0.0195	0.0254	0.0202	0.0224	0.0195
  U	0.0218	0.0286	0.0218	0.0217	0.0218	0.0219	0.0218	0.0219	0.0218	0.0218	0.0217	0.0218	0.0217	0.0218	0.0218	0.0514	0.0218	0.0217	0.0218	0.0218	0	0.0218	0.0218	0.0218	0.0217	0.0266	0.0218	0.0218	0.0218	0.0228	0.0218	0.0218	0.0218	0.0217	0.0218	0.0218	0.0219	0.022	0.0218	0.0218	0.0219	0.0687	0.0219	0.0218
  V	0.0208	0.0473	0.0206	0.0205	0.0205	0.0256	0.0206	0.0207	0.0206	0.0206	0.0205	0.0206	0.0205	0.0206	0.024	0.0658	0.0206	0.0205	0.0206	0.0206	0.0206	0	0.0206	0.0205	0.0205	0.0206	0.021	0.0237	0.0206	0.0338	0.0217	0.0206	0.0206	0.0206	0.0206	0.0232	0.0207	0.0221	0.0206	0.0206	0.0208	0.0501	0.0206	0.0206
  W	0.0245	0.0297	0.0244	0.0244	0.0244	0.0245	0.0244	0.0246	0.0244	0.0244	0.0244	0.0244	0.0244	0.0244	0.029	0.0289	0.0244	0.0244	0.0245	0.0244	0.0244	0.0244	0	0.0244	0.0244	0.0244	0.0244	0.0244	0.0244	0.0245	0.0244	0.0332	0.0244	0.0244	0.0244	0.0244	0.0246	0.0246	0.0244	0.0244	0.0282	0.0311	0.0244	0.0244
  X	0.0243	0.0244	0.0242	0.0242	0.0242	0.0243	0.0242	0.0244	0.0242	0.0243	0.0242	0.0242	0.0242	0.0243	0.0243	0.0321	0.0242	0.0242	0.0243	0.0242	0.0242	0.0243	0.0243	0	0.0242	0.0242	0.0243	0.0243	0.0242	0.0243	0.0242	0.0242	0.0243	0.0242	0.0242	0.0242	0.0244	0.036	0.0242	0.0242	0.0319	0.0244	0.0243	0.0242
  Y	0.0274	0.0422	0.0236	0.0236	0.0236	0.0237	0.0236	0.0238	0.0236	0.0236	0.0236	0.0236	0.0236	0.0236	0.0237	0.024	0.0236	0.0236	0.0236	0.0236	0.0236	0.0236	0.0236	0.0236	0	0.0236	0.0236	0.0237	0.0239	0.0237	0.0236	0.0236	0.0236	0.0236	0.0236	0.0236	0.0238	0.0238	0.0236	0.0236	0.0237	0.0246	0.0236	0.0236
  Z	0.0236	0.0239	0.0236	0.0236	0.0236	0.0394	0.0236	0.0238	0.0236	0.0236	0.0236	0.0236	0.0236	0.0236	0.0236	0.0667	0.0236	0.0236	0.0236	0.0236	0.0288	0.0236	0.0236	0.0236	0.0236	0	0.0326	0.0236	0.0236	0.0275	0.0236	0.0236	0.0236	0.0236	0.0236	0.0236	0.0237	0.0237	0.0236	0.0236	0.0236	0.0255	0.0237	0.0236
  [	0.0253	0.0415	0.0252	0.0252	0.0252	0.0305	0.0252	0.0254	0.0252	0.0373	0.0252	0.0342	0.0252	0.0252	0.0253	0.0273	0.0252	0.0252	0.0252	0.0252	0.0252	0.0257	0.0252	0.0252	0.0252	0.0348	0	0.0267	0.0252	0.0385	0.0252	0.0252	0.0252	0.0252	0.0252	0.0252	0.0254	0.0256	0.0252	0.0252	0.0253	0.0257	0.0252	0.0252
  \	0.0279	0.0785	0.0173	0.0172	0.0172	0.0174	0.0172	0.0173	0.0173	0.0173	0.0172	0.0172	0.018	0.0184	0.022	0.0381	0.0172	0.0172	0.0186	0.0208	0.0172	0.0199	0.0173	0.0172	0.0173	0.0172	0.0182	0	0.0237	0.0191	0.0173	0.0172	0.0173	0.0173	0.0173	0.0172	0.0173	0.0279	0.0172	0.0173	0.0254	0.0287	0.0178	0.0187
  ]	0.0225	0.0674	0.0196	0.0196	0.0196	0.0204	0.0196	0.0197	0.0196	0.0196	0.0196	0.0196	0.0196	0.0196	0.0197	0.042	0.0196	0.0196	0.0196	0.0247	0.0196	0.0197	0.0196	0.0196	0.0198	0.0196	0.0196	0.0269	0	0.0197	0.0247	0.0196	0.0196	0.0196	0.0196	0.0196	0.0197	0.0496	0.0196	0.0196	0.0226	0.0258	0.0196	0.0196
  ^	0.0166	0.0703	0.0163	0.0163	0.0168	0.0255	0.0163	0.0164	0.0163	0.0172	0.0163	0.0193	0.0163	0.0164	0.0165	0.1	0.0163	0.0163	0.0234	0.0164	0.017	0.0268	0.0163	0.0163	0.0163	0.019	0.0248	0.018	0.0164	0	0.0186	0.0163	0.0295	0.0163	0.0223	0.0163	0.0164	0.0293	0.0172	0.0163	0.0364	0.0618	0.0217	0.0195
  _	0.0227	0.0482	0.0226	0.0226	0.0226	0.0304	0.0226	0.0228	0.0226	0.0227	0.0226	0.0226	0.0226	0.0226	0.0227	0.0231	0.0226	0.0226	0.0227	0.0227	0.0226	0.0239	0.0226	0.0226	0.0226	0.0226	0.0226	0.0227	0.0285	0.0258	0	0.0226	0.0226	0.0227	0.0227	0.0226	0.0228	0.0228	0.0226	0.0226	0.0282	0.0287	0.0226	0.0226
  `	0.0247	0.037	0.0368	0.0247	0.0247	0.0247	0.0247	0.0249	0.0247	0.0247	0.0247	0.0247	0.0247	0.0247	0.0249	0.025	0.0247	0.0247	0.0248	0.0247	0.0247	0.0247	0.0336	0.0247	0.0247	0.0247	0.0247	0.0247	0.0247	0.0248	0.0247	0	0.0247	0.0247	0.0249	0.0247	0.0249	0.0249	0.0247	0.0247	0.0273	0.029	0.0247	0.0247
  a	0.0237	0.0217	0.0213	0.0213	0.0213	0.0227	0.0213	0.0214	0.0213	0.0213	0.0213	0.0213	0.0213	0.0213	0.0214	0.0547	0.0213	0.0213	0.0294	0.0213	0.0213	0.0214	0.0213	0.0213	0.0213	0.0213	0.0213	0.0214	0.0213	0.0386	0.0213	0.0213	0	0.0213	0.0213	0.032	0.0214	0.0324	0.0213	0.0213	0.0588	0.0288	0.0213	0.0213
  b	0.0212	0.0967	0.0258	0.0179	0.0179	0.0259	0.0179	0.0181	0.0191	0.0191	0.0179	0.0179	0.0179	0.0179	0.018	0.0182	0.0179	0.0179	0.0183	0.018	0.0179	0.018	0.0179	0.0179	0.0179	0.0179	0.0179	0.018	0.018	0.018	0.018	0.0179	0.0179	0	0.0218	0.0179	0.018	0.0219	0.0179	0.0179	0.0367	0.0182	0.0179	0.0179
  c	0.0185	0.0845	0.0194	0.0184	0.0184	0.0196	0.022	0.0185	0.022	0.0185	0.0184	0.0184	0.0184	0.0185	0.0218	0.0211	0.0184	0.0184	0.0217	0.0184	0.0184	0.0184	0.0184	0.0184	0.0184	0.0184	0.0184	0.0184	0.0184	0.0251	0.0184	0.0185	0.0184	0.0223	0	0.0184	0.0185	0.028	0.0199	0.0184	0.024	0.0452	0.0185	0.0192
  d	0.0244	0.027	0.0244	0.0244	0.0244	0.0262	0.0244	0.0246	0.0244	0.0244	0.0244	0.0244	0.0244	0.0244	0.0498	0.0248	0.0244	0.0244	0.0244	0.0244	0.0244	0.0276	0.0244	0.0244	0.0244	0.0244	0.0244	0.0244	0.0244	0.0245	0.0244	0.0244	0.0366	0.0244	0.0244	0	0.0246	0.0368	0.0244	0.0244	0.0285	0.0326	0.0244	0.0244
  e	0.0256	0.0258	0.0257	0.0257	0.0257	0.0384	0.0257	0.0352	0.0257	0.0257	0.0257	0.0257	0.0257	0.0257	0.0461	0.0261	0.0257	0.0256	0.0257	0.0257	0.0257	0.0257	0.0257	0.0257	0.0257	0.0257	0.0257	0.0257	0.0257	0.0257	0.0257	0.0257	0.0257	0.0257	0.0257	0.0257	0	0.0257	0.0257	0.0257	0.034	0.0395	0.0257	0.0257
  f	0.0295	0.1442	0.0196	0.0099	0.0099	0.046	0.0149	0.01	0.0099	0.0127	0.0148	0.0099	0.0122	0.0122	0.0378	0.0457	0.0136	0.0099	0.0359	0.0101	0.01	0.0106	0.01	0.0147	0.0099	0.0099	0.0101	0.016	0.0251	0.0178	0.01	0.01	0.015	0.0121	0.0151	0.0149	0.01	0	0.01	0.0147	0.0891	0.0553	0.01	0.013
  g	0.0229	0.0509	0.0229	0.0228	0.0228	0.0229	0.0228	0.0231	0.0229	0.0245	0.0228	0.0229	0.0229	0.0234	0.0237	0.0232	0.0229	0.0228	0.0229	0.024	0.0229	0.0229	0.0229	0.0228	0.0228	0.0229	0.0229	0.0229	0.0229	0.0242	0.0229	0.0229	0.0229	0.0229	0.0247	0.0229	0.023	0.023	0	0.0229	0.0229	0.023	0.0251	0.0229
  h	0.0229	0.0445	0.0228	0.0228	0.0228	0.0271	0.0228	0.023	0.0228	0.0297	0.0228	0.0228	0.0228	0.0228	0.0262	0.0288	0.0311	0.0228	0.0229	0.0228	0.0228	0.0229	0.0228	0.0228	0.0228	0.0228	0.0228	0.0229	0.0228	0.0229	0.0228	0.0228	0.0228	0.0228	0.0228	0.0228	0.023	0.034	0.0228	0	0.0288	0.0319	0.0228	0.0228
  i	0.0291	0.1039	0.0166	0.0281	0.014	0.0436	0.014	0.0141	0.014	0.0245	0.0159	0.014	0.014	0.0141	0.0406	0.0414	0.014	0.0141	0.0388	0.0182	0.014	0.0142	0.0162	0.0184	0.014	0.014	0.014	0.0206	0.0162	0.0313	0.0175	0.0155	0.0386	0.0286	0.0182	0.0164	0.0186	0.126	0.014	0.0176	0	0.1462	0.0147	0.014
  j	0.0197	0.1248	0.0169	0.0104	0.019	0.0159	0.0226	0.0112	0.0105	0.0157	0.0193	0.0105	0.0104	0.016	0.03	0.0881	0.0344	0.0259	0.0351	0.0107	0.0328	0.0253	0.0132	0.0104	0.0108	0.0112	0.0106	0.0173	0.0137	0.0394	0.0132	0.0122	0.014	0.0105	0.0255	0.0139	0.0161	0.058	0.0104	0.0145	0.1085	0	0.0173	0.0107
  k	0.0228	0.046	0.022	0.022	0.0224	0.0221	0.022	0.0222	0.022	0.0288	0.022	0.022	0.022	0.0235	0.0243	0.0449	0.022	0.022	0.022	0.0252	0.0221	0.0221	0.022	0.022	0.022	0.022	0.022	0.0227	0.022	0.0293	0.022	0.022	0.022	0.022	0.0222	0.022	0.0221	0.0223	0.0241	0.022	0.0231	0.0366	0	0.022
  l	0.0244	0.0352	0.0243	0.0243	0.0243	0.0244	0.0243	0.0245	0.0243	0.0244	0.0243	0.0243	0.0243	0.0243	0.0244	0.0248	0.0243	0.0243	0.0244	0.0243	0.0243	0.0244	0.0243	0.0243	0.0243	0.0243	0.0244	0.0264	0.0243	0.0292	0.0243	0.0243	0.0243	0.0243	0.0254	0.0243	0.0245	0.032	0.0243	0.0243	0.0244	0.0251	0.0243	0
