44
Yale-RSV-0006-1_G 0.0000000 0.0226136 0.0494671 0.0225880 0.0416587 0.0214485 0.0417273 0.0166945 0.0416587 0.0010773 0.0010773 0.0000025 0.0468933 0.0213818 0.0417273 0.0404668 0.0443959 0.0214144 0.0190555 0.0202243 0.0485282 0.0519445 0.0454641 0.0076807 0.0225430 0.0374569 0.0431161 0.0416883 0.0455148 0.0261631 0.0547147 0.0485818 0.0154639 0.0481716 0.0509570 0.0225430 0.0336569 0.0416026 0.0580510 0.0315002 0.0682682 0.0000025 0.0178921 0.0507837 
Yale-RSV-0007-1_G 0.0226136 0.0000000 0.0564162 0.0226849 0.0470497 0.0010756 0.0471288 0.0214112 0.0470497 0.0237927 0.0237927 0.0226136 0.0497615 0.0010724 0.0471288 0.0458397 0.0513625 0.0010739 0.0179666 0.0065547 0.0511038 0.0548764 0.0509361 0.0214866 0.0021481 0.0426993 0.0485628 0.0470839 0.0483583 0.0286821 0.0576944 0.0541806 0.0178189 0.0511049 0.0565867 0.0021481 0.0388044 0.0469847 0.0688920 0.0341776 0.0817698 0.0226136 0.0226458 0.0563913 
Yale-RSV-0020-1_G 0.0494671 0.0564162 0.0000000 0.0536492 0.0471874 0.0535957 0.0472664 0.0520590 0.0471874 0.0507835 0.0507835 0.0494671 0.0440547 0.0549015 0.0472664 0.0352149 0.0473645 0.0549954 0.0522311 0.0535964 0.0542411 0.0032350 0.0510623 0.0482721 0.0562137 0.0347843 0.0486964 0.0472215 0.0511208 0.0604607 0.0054231 0.0530282 0.0478174 0.0425851 0.0540101 0.0562137 0.0310417 0.0471225 0.0664649 0.0614360 0.0000010 0.0494671 0.0535458 0.0000025 
Yale-RSV-0026-1_G 0.0225880 0.0226849 0.0536492 0.0000000 0.0418046 0.0215158 0.0418737 0.0190575 0.0418046 0.0237655 0.0214139 0.0214245 0.0470607 0.0214487 0.0418737 0.0418641 0.0458198 0.0214815 0.0214516 0.0179328 0.0459904 0.0494972 0.0456260 0.0214625 0.0226138 0.0401024 0.0432686 0.0418345 0.0456771 0.0098266 0.0522520 0.0487587 0.0132410 0.0483483 0.0511436 0.0214139 0.0362510 0.0417480 0.0624963 0.0145983 0.0793281 0.0214245 0.0202742 0.0536257 
Yale-RSV-0030-1_G 0.0416587 0.0470497 0.0471874 0.0418046 0.0000000 0.0443411 0.0000010 0.0390137 0.0000010 0.0429408 0.0403831 0.0404023 0.0350985 0.0456089 0.0000010 0.0302468 0.0090281 0.0456851 0.0429514 0.0443380 0.0076983 0.0470457 0.0054321 0.0391559 0.0468869 0.0286584 0.0032611 0.0000010 0.0076426 0.0457323 0.0497673 0.0110921 0.0388227 0.0387320 0.0121490 0.0468869 0.0250087 0.0021595 0.0015815 0.0546102 0.0650034 0.0404023 0.0403993 0.0484959 
Yale-RSV-0037-1_G 0.0214485 0.0010756 0.0535957 0.0215158 0.0443411 0.0000000 0.0444148 0.0202520 0.0443411 0.0226232 0.0226232 0.0214486 0.0470160 0.0000025 0.0444148 0.0431400 0.0485189 0.0000025 0.0168180 0.0054542 0.0513107 0.0520821 0.0481863 0.0203232 0.0010725 0.0400658 0.0458255 0.0443729 0.0456339 0.0274891 0.0548618 0.0526724 0.0166793 0.0483005 0.0537556 0.0010725 0.0362186 0.0442807 0.0644977 0.0329463 0.0771466 0.0214486 0.0214788 0.0535712 
Yale-RSV-0043-1_G 0.0417273 0.0471288 0.0472664 0.0418737 0.0000010 0.0444148 0.0000000 0.0390774 0.0000010 0.0430118 0.0403831 0.0404687 0.0350985 0.0456851 0.0000010 0.0302950 0.0090281 0.0456851 0.0430225 0.0443380 0.0076983 0.0471243 0.0054321 0.0391559 0.0469643 0.0287033 0.0032659 0.0000010 0.0076537 0.0458089 0.0498512 0.0111086 0.0388858 0.0387962 0.0121670 0.0469643 0.0250474 0.0021626 0.0015815 0.0547048 0.0650034 0.0404687 0.0403993 0.0484959 
Yale-RSV-0053-1_G 0.0166945 0.0214112 0.0520590 0.0190575 0.0390137 0.0202520 0.0390774 0.0000000 0.0390137 0.0178441 0.0155491 0.0155577 0.0455334 0.0201891 0.0390774 0.0378671 0.0429354 0.0202198 0.0201921 0.0190372 0.0457875 0.0531963 0.0427825 0.0155843 0.0213447 0.0373642 0.0404452 0.0390412 0.0428295 0.0202400 0.0559770 0.0458398 0.0120618 0.0467834 0.0482016 0.0213447 0.0335739 0.0389617 0.0560642 0.0302819 0.0746883 0.0155577 0.0010739 0.0520361 
Yale-RSV-0055-1_G 0.0416587 0.0470497 0.0471874 0.0418046 0.0000010 0.0443411 0.0000010 0.0390137 0.0000000 0.0429408 0.0403831 0.0404023 0.0350985 0.0456089 0.0000010 0.0302468 0.0090281 0.0456851 0.0429514 0.0443380 0.0076983 0.0470457 0.0054321 0.0391559 0.0468869 0.0286584 0.0032611 0.0000010 0.0076426 0.0457323 0.0497673 0.0110921 0.0388227 0.0387320 0.0121490 0.0468869 0.0250087 0.0021595 0.0015815 0.0546102 0.0650034 0.0404023 0.0403993 0.0484959 
Yale-RSV-0061-1_G 0.0010773 0.0237927 0.0507835 0.0237655 0.0429408 0.0226232 0.0430118 0.0178441 0.0429408 0.0000000 0.0021587 0.0010773 0.0481999 0.0225528 0.0430118 0.0417461 0.0457305 0.0225873 0.0202171 0.0213912 0.0498503 0.0532676 0.0467615 0.0076714 0.0237181 0.0387088 0.0444094 0.0429715 0.0468139 0.0273562 0.0560523 0.0499046 0.0166023 0.0495046 0.0522842 0.0237181 0.0348905 0.0428827 0.0601594 0.0327304 0.0704595 0.0010773 0.0190486 0.0521059 
Yale-RSV-0075-1_G 0.0010773 0.0237927 0.0507835 0.0214139 0.0403831 0.0226232 0.0403831 0.0155491 0.0403831 0.0021587 0.0000000 0.0000025 0.0481192 0.0225528 0.0403831 0.0404871 0.0429958 0.0225528 0.0202171 0.0213587 0.0471349 0.0532676 0.0441025 0.0087824 0.0237181 0.0387088 0.0418297 0.0404118 0.0442244 0.0249736 0.0560523 0.0472677 0.0143298 0.0495046 0.0496393 0.0237181 0.0348905 0.0403289 0.0560219 0.0302741 0.0702754 0.0000025 0.0167126 0.0520179 
Yale-RSV-0076-1_G 0.0000025 0.0226136 0.0494671 0.0214245 0.0404023 0.0214486 0.0404687 0.0155577 0.0404023 0.0010773 0.0000025 0.0000000 0.0468932 0.0213818 0.0404687 0.0404208 0.0430888 0.0214144 0.0190555 0.0202243 0.0472367 0.0519439 0.0441965 0.0076806 0.0225429 0.0374570 0.0418496 0.0404310 0.0442454 0.0249858 0.0547147 0.0472896 0.0143377 0.0481718 0.0496619 0.0225429 0.0336561 0.0403481 0.0562010 0.0302888 0.0683865 0.0000010 0.0167471 0.0507835 
Yale-RSV-0097-1_G 0.0468933 0.0497615 0.0440547 0.0470607 0.0350985 0.0470160 0.0350985 0.0455334 0.0350985 0.0481999 0.0481192 0.0468932 0.0000000 0.0482971 0.0350985 0.0263383 0.0348596 0.0482971 0.0428519 0.0469356 0.0416533 0.0426264 0.0387443 0.0456246 0.0495865 0.0237529 0.0364901 0.0351229 0.0388486 0.0510693 0.0452832 0.0405413 0.0437955 0.0285247 0.0415479 0.0495865 0.0201913 0.0350526 0.0476260 0.0601848 0.0637228 0.0468932 0.0467087 0.0439611 
Yale-RSV-0118-1_G 0.0213818 0.0010724 0.0549015 0.0214487 0.0456089 0.0000025 0.0456851 0.0201891 0.0456089 0.0225528 0.0225528 0.0213818 0.0482971 0.0000000 0.0456851 0.0444058 0.0498431 0.0000010 0.0167651 0.0054376 0.0526166 0.0533783 0.0494676 0.0202599 0.0010693 0.0413053 0.0471039 0.0456418 0.0469073 0.0274028 0.0561712 0.0526724 0.0166280 0.0496071 0.0550663 0.0010693 0.0374417 0.0455465 0.0665016 0.0328406 0.0792264 0.0213818 0.0214119 0.0548772 
Yale-RSV-0121-1_G 0.0417273 0.0471288 0.0472664 0.0418737 0.0000010 0.0444148 0.0000010 0.0390774 0.0000010 0.0430118 0.0403831 0.0404687 0.0350985 0.0456851 0.0000000 0.0302950 0.0090281 0.0456851 0.0430225 0.0443380 0.0076983 0.0471243 0.0054321 0.0391559 0.0469643 0.0287033 0.0032659 0.0000010 0.0076537 0.0458089 0.0498512 0.0111086 0.0388858 0.0387962 0.0121670 0.0469643 0.0250474 0.0021626 0.0015815 0.0547048 0.0650034 0.0404687 0.0403993 0.0484959 
Yale-RSV-0133-1_G 0.0404668 0.0458397 0.0352149 0.0418641 0.0302468 0.0431400 0.0302950 0.0378671 0.0302468 0.0417461 0.0404871 0.0404208 0.0263383 0.0444058 0.0302950 0.0000000 0.0283275 0.0444797 0.0416615 0.0431368 0.0367389 0.0338549 0.0326323 0.0418433 0.0456806 0.0076878 0.0316006 0.0302677 0.0339456 0.0458494 0.0364178 0.0355643 0.0387718 0.0273504 0.0365861 0.0456806 0.0076857 0.0302078 0.0360846 0.0520429 0.0454023 0.0404208 0.0390942 0.0351980 
Yale-RSV-0136-1_G 0.0443959 0.0513625 0.0473645 0.0458198 0.0090281 0.0485189 0.0090281 0.0429354 0.0090281 0.0457305 0.0429958 0.0430888 0.0348596 0.0498431 0.0090281 0.0283275 0.0000000 0.0498431 0.0470572 0.0484338 0.0149137 0.0472188 0.0112908 0.0430239 0.0511757 0.0282966 0.0102167 0.0090340 0.0124904 0.0499831 0.0500230 0.0022373 0.0427157 0.0413082 0.0033410 0.0511757 0.0257828 0.0090171 0.0130072 0.0593258 0.0670445 0.0430888 0.0443185 0.0486289 
Yale-RSV-0140-1_G 0.0214144 0.0010739 0.0549954 0.0214815 0.0456851 0.0000025 0.0456851 0.0202198 0.0456851 0.0225873 0.0225528 0.0214144 0.0482971 0.0000010 0.0456851 0.0444797 0.0498431 0.0000000 0.0167904 0.0054376 0.0526166 0.0534690 0.0494676 0.0202599 0.0010709 0.0413728 0.0471832 0.0457181 0.0469849 0.0274454 0.0562675 0.0527627 0.0166529 0.0496922 0.0551608 0.0010709 0.0375021 0.0456224 0.0665016 0.0328932 0.0792264 0.0214144 0.0214119 0.0548772 
Yale-RSV-0142-1_G 0.0190555 0.0179666 0.0522311 0.0214516 0.0429514 0.0168180 0.0430225 0.0201921 0.0429514 0.0202171 0.0202171 0.0190555 0.0428519 0.0167651 0.0430225 0.0416615 0.0470572 0.0167904 0.0000000 0.0156225 0.0498618 0.0507296 0.0467726 0.0179377 0.0179122 0.0387811 0.0444202 0.0429821 0.0468250 0.0274053 0.0534926 0.0499161 0.0165704 0.0469389 0.0522958 0.0179122 0.0349548 0.0428933 0.0643055 0.0311336 0.0771237 0.0190555 0.0213356 0.0522079 
Yale-RSV-0147-1_G 0.0202243 0.0065547 0.0535964 0.0179328 0.0443380 0.0054542 0.0443380 0.0190372 0.0443380 0.0213912 0.0213587 0.0202243 0.0469356 0.0054376 0.0443380 0.0431368 0.0484338 0.0054376 0.0156225 0.0000000 0.0484903 0.0520830 0.0481044 0.0190750 0.0065355 0.0400617 0.0458229 0.0443699 0.0456310 0.0238051 0.0548637 0.0513660 0.0154940 0.0482991 0.0537573 0.0065355 0.0362138 0.0442775 0.0643426 0.0291183 0.0769691 0.0202243 0.0202218 0.0534820 
Yale-RSV-0160-1_G 0.0485282 0.0511038 0.0542411 0.0459904 0.0076983 0.0513107 0.0076983 0.0457875 0.0076983 0.0498503 0.0471349 0.0472367 0.0416533 0.0526166 0.0076983 0.0367389 0.0149137 0.0526166 0.0498618 0.0484903 0.0000000 0.0540759 0.0110373 0.0458797 0.0539297 0.0350246 0.0088485 0.0077032 0.0133312 0.0500032 0.0568943 0.0169347 0.0455558 0.0455958 0.0179855 0.0539297 0.0312549 0.0054625 0.0114129 0.0591198 0.0740191 0.0472367 0.0471561 0.0554942 
Yale-RSV-0161-1_G 0.0519445 0.0548764 0.0032350 0.0494972 0.0470457 0.0520821 0.0471243 0.0531963 0.0470457 0.0532676 0.0532676 0.0519439 0.0426264 0.0533783 0.0471243 0.0338549 0.0472188 0.0534690 0.0507296 0.0520830 0.0540759 0.0000000 0.0509091 0.0507493 0.0546809 0.0334432 0.0485491 0.0470797 0.0509672 0.0561968 0.0021494 0.0528669 0.0463635 0.0411472 0.0538464 0.0546809 0.0297320 0.0469811 0.0661633 0.0571090 0.0047814 0.0519439 0.0546870 0.0032333 
Yale-RSV-0179-1_G 0.0454641 0.0509361 0.0510623 0.0456260 0.0054321 0.0481863 0.0054321 0.0427825 0.0054321 0.0467615 0.0441025 0.0441965 0.0387443 0.0494676 0.0054321 0.0326323 0.0112908 0.0494676 0.0467726 0.0481044 0.0110373 0.0509091 0.0000000 0.0428681 0.0507569 0.0322604 0.0065553 0.0054355 0.0109728 0.0496021 0.0536667 0.0144928 0.0425704 0.0425534 0.0155405 0.0507569 0.0285636 0.0054258 0.0079993 0.0586267 0.0686597 0.0441965 0.0441213 0.0522964 
Yale-RSV-0184-1_G 0.0076807 0.0214866 0.0482721 0.0214625 0.0391559 0.0203232 0.0391559 0.0155843 0.0391559 0.0076714 0.0087824 0.0076806 0.0456246 0.0202599 0.0391559 0.0418433 0.0430239 0.0202599 0.0179377 0.0190750 0.0458797 0.0507493 0.0428681 0.0000000 0.0214196 0.0387980 0.0405934 0.0391837 0.0429861 0.0250304 0.0535128 0.0460092 0.0143620 0.0469583 0.0483793 0.0214196 0.0349707 0.0391036 0.0581805 0.0303440 0.0706186 0.0076806 0.0167505 0.0495032 
Yale-RSV-0187-1_G 0.0225430 0.0021481 0.0562137 0.0226138 0.0468869 0.0010725 0.0469643 0.0213447 0.0468869 0.0237181 0.0237181 0.0225429 0.0495865 0.0010693 0.0469643 0.0456806 0.0511757 0.0010709 0.0179122 0.0065355 0.0539297 0.0546809 0.0507569 0.0214196 0.0000000 0.0425542 0.0483924 0.0469207 0.0481893 0.0285902 0.0574865 0.0539861 0.0177646 0.0509215 0.0563828 0.0021420 0.0386746 0.0468225 0.0665016 0.0340644 0.0792264 0.0225429 0.0225749 0.0561888 
Yale-RSV-0189-1_G 0.0374569 0.0426993 0.0347843 0.0401024 0.0286584 0.0400658 0.0287033 0.0373642 0.0286584 0.0387088 0.0387088 0.0374570 0.0237529 0.0413053 0.0287033 0.0076878 0.0282966 0.0413728 0.0387811 0.0400617 0.0350246 0.0334432 0.0322604 0.0387980 0.0425542 0.0000000 0.0299828 0.0286778 0.0298631 0.0414150 0.0359720 0.0363548 0.0371843 0.0245772 0.0373618 0.0425542 0.0054052 0.0286221 0.0341012 0.0500225 0.0453373 0.0374570 0.0387238 0.0347677 
Yale-RSV-0208-1_G 0.0431161 0.0485628 0.0486964 0.0432686 0.0032611 0.0458255 0.0032659 0.0404452 0.0032611 0.0444094 0.0418297 0.0418496 0.0364901 0.0471039 0.0032659 0.0316006 0.0102167 0.0471832 0.0444202 0.0458229 0.0088485 0.0485491 0.0065553 0.0405934 0.0483924 0.0299828 0.0000000 0.0032632 0.0087839 0.0472322 0.0512976 0.0122718 0.0402455 0.0401827 0.0133297 0.0483924 0.0263005 0.0032574 0.0064486 0.0562090 0.0674861 0.0418496 0.0418470 0.0500163 
Yale-RSV-0216-1_G 0.0416883 0.0470839 0.0472215 0.0418345 0.0000010 0.0443729 0.0000010 0.0390412 0.0000010 0.0429715 0.0404118 0.0404310 0.0351229 0.0456418 0.0000010 0.0302677 0.0090340 0.0457181 0.0429821 0.0443699 0.0077032 0.0470797 0.0054355 0.0391837 0.0469207 0.0286778 0.0032632 0.0000000 0.0076474 0.0457654 0.0498035 0.0110993 0.0388500 0.0387598 0.0121568 0.0469207 0.0250255 0.0021608 0.0015815 0.0546510 0.0650034 0.0404310 0.0404280 0.0485302 
Yale-RSV-0221-1_G 0.0455148 0.0483583 0.0511208 0.0456771 0.0076426 0.0456339 0.0076537 0.0428295 0.0076426 0.0468139 0.0442244 0.0442454 0.0388486 0.0469073 0.0076537 0.0339456 0.0124904 0.0469849 0.0468250 0.0456310 0.0133312 0.0509672 0.0109728 0.0429861 0.0481893 0.0298631 0.0087839 0.0076474 0.0000000 0.0496587 0.0537289 0.0145063 0.0426168 0.0426007 0.0155550 0.0481893 0.0285922 0.0076336 0.0113146 0.0586973 0.0690598 0.0442454 0.0442433 0.0524453 
Yale-RSV-0228-1_G 0.0261631 0.0286821 0.0604607 0.0098266 0.0457323 0.0274891 0.0458089 0.0202400 0.0457323 0.0273562 0.0249736 0.0249858 0.0510693 0.0274028 0.0458089 0.0458494 0.0499831 0.0274454 0.0274053 0.0238051 0.0500032 0.0561968 0.0496021 0.0250304 0.0285902 0.0414150 0.0472322 0.0457654 0.0496587 0.0000000 0.0590270 0.0528178 0.0189693 0.0524377 0.0552182 0.0273580 0.0400553 0.0456696 0.0689002 0.0204241 0.0904705 0.0249858 0.0214661 0.0604340 
Yale-RSV-0231-1_G 0.0547147 0.0576944 0.0054231 0.0522520 0.0497673 0.0548618 0.0498512 0.0559770 0.0497673 0.0560523 0.0560523 0.0547147 0.0452832 0.0561712 0.0498512 0.0364178 0.0500230 0.0562675 0.0534926 0.0548637 0.0568943 0.0021494 0.0536667 0.0535128 0.0574865 0.0359720 0.0512976 0.0498035 0.0537289 0.0590270 0.0000000 0.0556781 0.0490544 0.0438291 0.0566518 0.0574865 0.0322171 0.0496984 0.0704831 0.0599816 0.0080376 0.0547147 0.0574921 0.0054202 
Yale-RSV-0237-1_G 0.0485818 0.0541806 0.0530282 0.0487587 0.0110921 0.0526724 0.0111086 0.0458398 0.0110921 0.0499046 0.0472677 0.0472896 0.0405413 0.0526724 0.0111086 0.0355643 0.0022373 0.0527627 0.0499161 0.0513660 0.0169347 0.0528669 0.0144928 0.0460092 0.0539861 0.0363548 0.0122718 0.0110993 0.0145063 0.0528178 0.0556781 0.0000000 0.0456079 0.0468844 0.0054746 0.0539861 0.0325582 0.0110789 0.0147960 0.0605894 0.0703054 0.0472896 0.0472891 0.0543748 
Yale-RSV-0251-1_G 0.0154639 0.0178189 0.0478174 0.0132410 0.0388227 0.0166793 0.0388858 0.0120618 0.0388227 0.0166023 0.0143298 0.0143377 0.0437955 0.0166280 0.0388858 0.0387718 0.0427157 0.0166529 0.0165704 0.0154940 0.0455558 0.0463635 0.0425704 0.0143620 0.0177646 0.0371843 0.0402455 0.0388500 0.0426168 0.0189693 0.0490544 0.0456079 0.0000000 0.0451765 0.0479568 0.0177646 0.0334147 0.0387713 0.0575608 0.0240808 0.0697717 0.0143377 0.0131711 0.0477957 
Yale-RSV-0252-1_G 0.0481716 0.0511049 0.0425851 0.0483483 0.0387320 0.0483005 0.0387962 0.0467834 0.0387320 0.0495046 0.0495046 0.0481718 0.0285247 0.0496071 0.0387962 0.0273504 0.0413082 0.0496922 0.0469389 0.0482991 0.0455958 0.0411472 0.0425534 0.0469583 0.0509215 0.0245772 0.0401827 0.0387598 0.0426007 0.0524377 0.0438291 0.0468844 0.0451765 0.0000000 0.0480403 0.0509215 0.0209078 0.0386797 0.0514206 0.0546109 0.0598114 0.0481718 0.0455239 0.0425658 
Yale-RSV-0254-1_G 0.0509570 0.0565867 0.0540101 0.0511436 0.0121490 0.0537556 0.0121670 0.0482016 0.0121490 0.0522842 0.0496393 0.0496619 0.0415479 0.0550663 0.0121670 0.0365861 0.0033410 0.0551608 0.0522958 0.0537573 0.0179855 0.0538464 0.0155405 0.0483793 0.0563828 0.0373618 0.0133297 0.0121568 0.0155550 0.0552182 0.0566518 0.0054746 0.0479568 0.0480403 0.0000000 0.0563828 0.0335729 0.0121345 0.0180848 0.0645303 0.0737399 0.0496619 0.0496625 0.0553528 
Yale-RSV-0259-1_G 0.0225430 0.0021481 0.0562137 0.0214139 0.0468869 0.0010725 0.0469643 0.0213447 0.0468869 0.0237181 0.0237181 0.0225429 0.0495865 0.0010693 0.0469643 0.0456806 0.0511757 0.0010709 0.0179122 0.0065355 0.0539297 0.0546809 0.0507569 0.0214196 0.0021420 0.0425542 0.0483924 0.0469207 0.0481893 0.0273580 0.0574865 0.0539861 0.0177646 0.0509215 0.0563828 0.0000000 0.0386746 0.0468225 0.0685107 0.0327858 0.0812999 0.0225429 0.0225749 0.0561888 
Yale-RSV-0262-1_G 0.0336569 0.0388044 0.0310417 0.0362510 0.0250087 0.0362186 0.0250474 0.0335739 0.0250087 0.0348905 0.0348905 0.0336561 0.0201913 0.0374417 0.0250474 0.0076857 0.0257828 0.0375021 0.0349548 0.0362138 0.0312549 0.0297320 0.0285636 0.0349707 0.0386746 0.0054052 0.0263005 0.0250255 0.0285922 0.0400553 0.0322171 0.0325582 0.0334147 0.0209078 0.0335729 0.0386746 0.0000000 0.0249775 0.0304712 0.0459704 0.0415476 0.0336561 0.0349031 0.0310273 
Yale-RSV-0277-1_G 0.0416026 0.0469847 0.0471225 0.0417480 0.0021595 0.0442807 0.0021626 0.0389617 0.0021595 0.0428827 0.0403289 0.0403481 0.0350526 0.0455465 0.0021626 0.0302078 0.0090171 0.0456224 0.0428933 0.0442775 0.0054625 0.0469811 0.0054258 0.0391036 0.0468225 0.0286221 0.0032574 0.0021608 0.0076336 0.0456696 0.0496984 0.0110789 0.0387713 0.0386797 0.0121345 0.0468225 0.0249775 0.0000000 0.0047885 0.0545321 0.0648629 0.0403481 0.0403451 0.0484290 
Yale-RSV-0292-1_G 0.0580510 0.0688920 0.0664649 0.0624963 0.0015815 0.0644977 0.0015815 0.0560642 0.0015815 0.0601594 0.0560219 0.0562010 0.0476260 0.0665016 0.0015815 0.0360846 0.0130072 0.0665016 0.0643055 0.0643426 0.0114129 0.0661633 0.0079993 0.0581805 0.0665016 0.0341012 0.0064486 0.0015815 0.0113146 0.0689002 0.0704831 0.0147960 0.0575608 0.0514206 0.0180848 0.0685107 0.0304712 0.0047885 0.0000000 0.0792301 0.0673277 0.0562010 0.0581720 0.0683363 
Yale-RSV-0294-1_G 0.0315002 0.0341776 0.0614360 0.0145983 0.0546102 0.0329463 0.0547048 0.0302819 0.0546102 0.0327304 0.0302741 0.0302888 0.0601848 0.0328406 0.0547048 0.0520429 0.0593258 0.0328932 0.0311336 0.0291183 0.0591198 0.0571090 0.0586267 0.0303440 0.0340644 0.0500225 0.0562090 0.0546510 0.0586973 0.0204241 0.0599816 0.0605894 0.0240808 0.0546109 0.0645303 0.0327858 0.0459704 0.0545321 0.0792301 0.0000000 0.0903983 0.0302888 0.0315973 0.0614092 
Yale-RSV-0297-1_G 0.0682682 0.0817698 0.0000010 0.0793281 0.0650034 0.0771466 0.0650034 0.0746883 0.0650034 0.0704595 0.0702754 0.0683865 0.0637228 0.0792264 0.0650034 0.0454023 0.0670445 0.0792264 0.0771237 0.0769691 0.0740191 0.0047814 0.0686597 0.0706186 0.0792264 0.0453373 0.0674861 0.0650034 0.0690598 0.0904705 0.0080376 0.0703054 0.0697717 0.0598114 0.0737399 0.0812999 0.0415476 0.0648629 0.0673277 0.0903983 0.0000000 0.0683865 0.0769566 0.0000028 
Yale-RSV-0311-1_G 0.0000025 0.0226136 0.0494671 0.0214245 0.0404023 0.0214486 0.0404687 0.0155577 0.0404023 0.0010773 0.0000025 0.0000010 0.0468932 0.0213818 0.0404687 0.0404208 0.0430888 0.0214144 0.0190555 0.0202243 0.0472367 0.0519439 0.0441965 0.0076806 0.0225429 0.0374570 0.0418496 0.0404310 0.0442454 0.0249858 0.0547147 0.0472896 0.0143377 0.0481718 0.0496619 0.0225429 0.0336561 0.0403481 0.0562010 0.0302888 0.0683865 0.0000000 0.0167471 0.0507835 
Yale-RSV-0314-1_G 0.0178921 0.0226458 0.0535458 0.0202742 0.0403993 0.0214788 0.0403993 0.0010739 0.0403993 0.0190486 0.0167126 0.0167471 0.0467087 0.0214119 0.0403993 0.0390942 0.0443185 0.0214119 0.0213356 0.0202218 0.0471561 0.0546870 0.0441213 0.0167505 0.0225749 0.0387238 0.0418470 0.0404280 0.0442433 0.0214661 0.0574921 0.0472891 0.0131711 0.0455239 0.0496625 0.0225749 0.0349031 0.0403451 0.0581720 0.0315973 0.0769566 0.0167471 0.0000000 0.0534317 
Yale-RSV-0330-1_G 0.0507837 0.0563913 0.0000025 0.0536257 0.0484959 0.0535712 0.0484959 0.0520361 0.0484959 0.0521059 0.0520179 0.0507835 0.0439611 0.0548772 0.0484959 0.0351980 0.0486289 0.0548772 0.0522079 0.0534820 0.0554942 0.0032333 0.0522964 0.0495032 0.0561888 0.0347677 0.0500163 0.0485302 0.0524453 0.0604340 0.0054202 0.0543748 0.0477957 0.0425658 0.0553528 0.0561888 0.0310273 0.0484290 0.0683363 0.0614092 0.0000028 0.0507835 0.0534317 0.0000000 
